Creating 4 nodes.
MOBILE: 
0: [10.0.0.8, 50, 300, 101, 102, 101, 102, 101, 102, 101, 102, 0]
1: [10.0.0.2, -, 0, -, -, -, -, -, -, -, -, 1]
2: [10.0.0.3, -, -, -, -, -, -, -, -, -, -, 0]


node 0 getnode 0x159ee40 dst-> 0x167a270 10.0.0.1 source-> 0x167a440
SENSOR: 
seconds interval2
node 1 getnode 0x159f3b0 dst-> 0x167baf0 10.0.0.2 source-> 0x167bf10
SENSOR: 
seconds interval1
node 2 getnode 0x159f140 dst-> 0x167d120 10.0.0.3 source-> 0x167d7d0
BASE: 
node 3 getnode 0x159f230 dst-> 0x167ee30 10.0.0.4 source-> 0x167f250
Starting simulation for 800 s, seed value 12345671
0.5 0 0 0 0 0 863.667 1008.67
0.50001 0 0 0 0 0 1053.33 952.667
0.50002 0 0 0 0 0 1100 726
0.50003 0 0 0 0 0 1549.33 262.667
1.5 0 0 0 0 0 863.83 1008.6
1.5 0 0 0 0 0 1053.3 952.67
1.5 0 0 0 0 0 1100 726
1.5 0 0 0 0 0 1549.3 262.67
2.5 0 0 0 0 0 864.08 1008.6
2.5 0 0 0 0 0 1053.3 952.67
2.5 0 0 0 0 0 1100 726
2.5 0 0 0 0 0 1549.3 262.67
3.5 0 0 0 0 0 864.25 1008.6
3.5 0 0 0 0 0 1053.3 952.67
3.5 0 0 0 0 0 1100 726
3.5 0 0 0 0 0 1549.3 262.67
4.5 0 0 0 0 0 864.5 1008.7
4.5 0 0 0 0 0 1053.3 952.67
4.5 0 0 0 0 0 1100 726
4.5 0 0 0 0 0 1549.3 262.67
At time 5 created bundle with sequence number 98 from 10.0.0.3 to 10.0.0.4
5.5 0 0 0 0 0 864.75 1008.7
5.5 0 0 0 0 0 1053.3 952.67
5.5 0 0 1 96 0 1100 726
5.5 0 0 0 0 0 1549.3 262.67
6.5 0 0 0 0 0 864.75 1008.5
6.5 0 0 0 0 0 1053.3 952.67
6.5 0 0 1 96 0 1100 726
6.5 0 0 0 0 0 1549.3 262.67
7.5 0 0 0 0 0 864.67 1008.2
7.5 0 0 0 0 0 1053.3 952.67
7.5 0 0 1 96 0 1100 726
7.5 0 0 0 0 0 1549.3 262.67
8.5 0 0 0 0 0 864.17 1007
8.5 0 0 0 0 0 1053.3 952.67
8.5 0 0 1 96 0 1100 726
8.5 0 0 0 0 0 1549.3 262.67
9.5 0 0 0 0 0 863.75 1006.1
9.5 0 0 0 0 0 1053.3 952.67
9.5 0 0 1 96 0 1100 726
9.5 0 0 0 0 0 1549.3 262.67
At time 10 created bundle with sequence number 199 from 10.0.0.2 to 10.0.0.4
At time 10 created bundle with sequence number 200 from 10.0.0.3 to 10.0.0.4
10.5 0 0 0 0 0 863.75 1005.9
10.5 0 0 1 101 0 1053.3 952.67
10.5 0 0 2 192 0 1100 726
10.5 0 0 0 0 0 1549.3 262.67
11.5 0 0 0 0 0 863.83 1005.5
11.5 0 0 1 101 0 1053.3 952.67
11.5 0 0 2 192 0 1100 726
11.5 0 0 0 0 0 1549.3 262.67
12.5 0 0 0 0 0 863.92 1005.3
12.5 0 0 1 101 0 1053.3 952.67
12.5 0 0 2 192 0 1100 726
12.5 0 0 0 0 0 1549.3 262.67
13.5 0 0 0 0 0 863.75 1005.4
13.5 0 0 1 101 0 1053.3 952.67
13.5 0 0 2 192 0 1100 726
13.5 0 0 0 0 0 1549.3 262.67
14.5 0 0 0 0 0 863.92 1005.4
14.5 0 0 1 101 0 1053.3 952.67
14.5 0 0 2 192 0 1100 726
14.5 0 0 0 0 0 1549.3 262.67
At time 15 created bundle with sequence number 301 from 10.0.0.3 to 10.0.0.4
15.5 0 0 0 0 0 864.5 1004.9
15.5 0 0 1 101 0 1053.3 952.67
15.5 0 0 3 288 0 1100 726
15.5 0 0 0 0 0 1549.3 262.67
16.5 0 0 0 0 0 865.17 1004.1
16.5 0 0 1 101 0 1053.3 952.67
16.5 0 0 3 288 0 1100 726
16.5 0 0 0 0 0 1549.3 262.67
17.5 0 0 0 0 0 865.83 1003.1
17.5 0 0 1 101 0 1053.3 952.67
17.5 0 0 3 288 0 1100 726
17.5 0 0 0 0 0 1549.3 262.67
18.5 0 0 0 0 0 866.33 1002.2
18.5 0 0 1 101 0 1053.3 952.67
18.5 0 0 3 288 0 1100 726
18.5 0 0 0 0 0 1549.3 262.67
19.5 0 0 0 0 0 866.67 1001.7
19.5 0 0 1 101 0 1053.3 952.67
19.5 0 0 3 288 0 1100 726
19.5 0 0 0 0 0 1549.3 262.67
At time 20 created bundle with sequence number 402 from 10.0.0.2 to 10.0.0.4
At time 20 created bundle with sequence number 403 from 10.0.0.3 to 10.0.0.4
20.5 0 0 0 0 0 866.92 1001.3
20.5 0 0 2 202 0 1053.3 952.67
20.5 0 0 4 384 0 1100 726
20.5 0 0 0 0 0 1549.3 262.67
21.5 0 0 0 0 0 867.08 1001.2
21.5 0 0 2 202 0 1053.3 952.67
21.5 0 0 4 384 0 1100 726
21.5 0 0 0 0 0 1549.3 262.67
22.5 0 0 0 0 0 867.25 1001.4
22.5 0 0 2 202 0 1053.3 952.67
22.5 0 0 4 384 0 1100 726
22.5 0 0 0 0 0 1549.3 262.67
23.5 0 0 0 0 0 867.25 1002.1
23.5 0 0 2 202 0 1053.3 952.67
23.5 0 0 4 384 0 1100 726
23.5 0 0 0 0 0 1549.3 262.67
24.5 0 0 0 0 0 867 1002.9
24.5 0 0 2 202 0 1053.3 952.67
24.5 0 0 4 384 0 1100 726
24.5 0 0 0 0 0 1549.3 262.67
At time 25 created bundle with sequence number 504 from 10.0.0.3 to 10.0.0.4
25.5 0 0 0 0 0 867 1003.5
25.5 0 0 2 202 0 1053.3 952.67
25.5 0 0 5 480 0 1100 726
25.5 0 0 0 0 0 1549.3 262.67
26.5 0 0 0 0 0 867.17 1004.1
26.5 0 0 2 202 0 1053.3 952.67
26.5 0 0 5 480 0 1100 726
26.5 0 0 0 0 0 1549.3 262.67
27.5 0 0 0 0 0 867.25 1004.8
27.5 0 0 2 202 0 1053.3 952.67
27.5 0 0 5 480 0 1100 726
27.5 0 0 0 0 0 1549.3 262.67
28.5 0 0 0 0 0 867.42 1005.1
28.5 0 0 2 202 0 1053.3 952.67
28.5 0 0 5 480 0 1100 726
28.5 0 0 0 0 0 1549.3 262.67
29.5 0 0 0 0 0 867.58 1005.3
29.5 0 0 2 202 0 1053.3 952.67
29.5 0 0 5 480 0 1100 726
29.5 0 0 0 0 0 1549.3 262.67
At time 30 created bundle with sequence number 605 from 10.0.0.2 to 10.0.0.4
At time 30 created bundle with sequence number 606 from 10.0.0.3 to 10.0.0.4
30.5 0 0 0 0 0 867.58 1005.7
30.5 0 0 3 303 0 1053.3 952.67
30.5 0 0 6 576 0 1100 726
30.5 0 0 0 0 0 1549.3 262.67
31.5 0 0 0 0 0 867.54 1005.8
31.5 0 0 3 303 0 1053.3 952.67
31.5 0 0 6 576 0 1100 726
31.5 0 0 0 0 0 1549.3 262.67
32.5 0 0 0 0 0 867.58 1005.8
32.5 0 0 3 303 0 1053.3 952.67
32.5 0 0 6 576 0 1100 726
32.5 0 0 0 0 0 1549.3 262.67
33.5 0 0 0 0 0 867.75 1005.8
33.5 0 0 3 303 0 1053.3 952.67
33.5 0 0 6 576 0 1100 726
33.5 0 0 0 0 0 1549.3 262.67
34.5 0 0 0 0 0 868.25 1005.8
34.5 0 0 3 303 0 1053.3 952.67
34.5 0 0 6 576 0 1100 726
34.5 0 0 0 0 0 1549.3 262.67
At time 35 created bundle with sequence number 707 from 10.0.0.3 to 10.0.0.4
35.5 0 0 0 0 0 868.75 1005.7
35.5 0 0 3 303 0 1053.3 952.67
35.5 0 0 7 672 0 1100 726
35.5 0 0 0 0 0 1549.3 262.67
36.5 0 0 0 0 0 868.96 1006.1
36.5 0 0 3 303 0 1053.3 952.67
36.5 0 0 7 672 0 1100 726
36.5 0 0 0 0 0 1549.3 262.67
37.5 0 0 0 0 0 869.25 1007.1
37.5 0 0 3 303 0 1053.3 952.67
37.5 0 0 7 672 0 1100 726
37.5 0 0 0 0 0 1549.3 262.67
38.5 0 0 0 0 0 869.67 1007.8
38.5 0 0 3 303 0 1053.3 952.67
38.5 0 0 7 672 0 1100 726
38.5 0 0 0 0 0 1549.3 262.67
39.5 0 0 0 0 0 870.25 1008.4
39.5 0 0 3 303 0 1053.3 952.67
39.5 0 0 7 672 0 1100 726
39.5 0 0 0 0 0 1549.3 262.67
At time 40 created bundle with sequence number 808 from 10.0.0.2 to 10.0.0.4
At time 40 created bundle with sequence number 809 from 10.0.0.3 to 10.0.0.4
40.5 0 0 0 0 0 870.66 1008.9
40.5 0 0 4 404 0 1053.3 952.67
40.5 0 0 8 768 0 1100 726
40.5 0 0 0 0 0 1549.3 262.67
41.5 0 0 0 0 0 870.66 1008.9
41.5 0 0 4 404 0 1053.3 952.67
41.5 0 0 8 768 0 1100 726
41.5 0 0 0 0 0 1549.3 262.67
42.5 0 0 0 0 0 870.66 1008.9
42.5 0 0 4 404 0 1053.3 952.67
42.5 0 0 8 768 0 1100 726
42.5 0 0 0 0 0 1549.3 262.67
43.5 0 0 0 0 0 870.66 1008.9
43.5 0 0 4 404 0 1053.3 952.67
43.5 0 0 8 768 0 1100 726
43.5 0 0 0 0 0 1549.3 262.67
44.5 0 0 0 0 0 870.65 1008.9
44.5 0 0 4 404 0 1053.3 952.67
44.5 0 0 8 768 0 1100 726
44.5 0 0 0 0 0 1549.3 262.67
At time 45 created bundle with sequence number 910 from 10.0.0.3 to 10.0.0.4
45.5 0 0 0 0 0 870.65 1009
45.5 0 0 4 404 0 1053.3 952.67
45.5 0 0 9 864 0 1100 726
45.5 0 0 0 0 0 1549.3 262.67
46.5 0 0 0 0 0 870.65 1009
46.5 0 0 4 404 0 1053.3 952.67
46.5 0 0 9 864 0 1100 726
46.5 0 0 0 0 0 1549.3 262.67
47.5 0 0 0 0 0 870.65 1009
47.5 0 0 4 404 0 1053.3 952.67
47.5 0 0 9 864 0 1100 726
47.5 0 0 0 0 0 1549.3 262.67
48.5 0 0 0 0 0 870.65 1009
48.5 0 0 4 404 0 1053.3 952.67
48.5 0 0 9 864 0 1100 726
48.5 0 0 0 0 0 1549.3 262.67
49.5 0 0 0 0 0 870.64 1009
49.5 0 0 4 404 0 1053.3 952.67
49.5 0 0 9 864 0 1100 726
49.5 0 0 0 0 0 1549.3 262.67
At time 50 created bundle with sequence number 1011 from 10.0.0.2 to 10.0.0.4
At time 50 created bundle with sequence number 1012 from 10.0.0.3 to 10.0.0.4
50.5 0 0 0 0 0 870.64 1009.1
50.5 0 0 5 505 0 1053.3 952.67
50.5 0 0 10 960 0 1100 726
50.5 0 0 0 0 0 1549.3 262.67
51.5 0 0 0 0 0 870.64 1009.1
51.5 0 0 5 505 0 1053.3 952.67
51.5 0 0 10 960 0 1100 726
51.5 0 0 0 0 0 1549.3 262.67
52.5 0 0 0 0 0 870.64 1009.1
52.5 0 0 5 505 0 1053.3 952.67
52.5 0 0 10 960 0 1100 726
52.5 0 0 0 0 0 1549.3 262.67
53.5 0 0 0 0 0 870.64 1009.1
53.5 0 0 5 505 0 1053.3 952.67
53.5 0 0 10 960 0 1100 726
53.5 0 0 0 0 0 1549.3 262.67
54.5 0 0 0 0 0 870.63 1009.1
54.5 0 0 5 505 0 1053.3 952.67
54.5 0 0 10 960 0 1100 726
54.5 0 0 0 0 0 1549.3 262.67
At time 55 created bundle with sequence number 1113 from 10.0.0.3 to 10.0.0.4
55.5 0 0 0 0 0 870.63 1009.1
55.5 0 0 5 505 0 1053.3 952.67
55.5 0 0 11 1056 0 1100 726
55.5 0 0 0 0 0 1549.3 262.67
56.5 0 0 0 0 0 870.63 1009.2
56.5 0 0 5 505 0 1053.3 952.67
56.5 0 0 11 1056 0 1100 726
56.5 0 0 0 0 0 1549.3 262.67
57.5 0 0 0 0 0 870.63 1009.2
57.5 0 0 5 505 0 1053.3 952.67
57.5 0 0 11 1056 0 1100 726
57.5 0 0 0 0 0 1549.3 262.67
58.5 0 0 0 0 0 870.63 1009.2
58.5 0 0 5 505 0 1053.3 952.67
58.5 0 0 11 1056 0 1100 726
58.5 0 0 0 0 0 1549.3 262.67
59.5 0 0 0 0 0 870.62 1009.2
59.5 0 0 5 505 0 1053.3 952.67
59.5 0 0 11 1056 0 1100 726
59.5 0 0 0 0 0 1549.3 262.67
At time 60 created bundle with sequence number 1214 from 10.0.0.2 to 10.0.0.4
At time 60 created bundle with sequence number 1215 from 10.0.0.3 to 10.0.0.4
60.5 0 0 0 0 0 870.62 1009.2
60.5 0 0 6 606 0 1053.3 952.67
60.5 0 0 12 1152 0 1100 726
60.5 0 0 0 0 0 1549.3 262.67
61.5 0 0 0 0 0 870.62 1009.3
61.5 0 0 6 606 0 1053.3 952.67
61.5 0 0 12 1152 0 1100 726
61.5 0 0 0 0 0 1549.3 262.67
62.5 0 0 0 0 0 870.62 1009.3
62.5 0 0 6 606 0 1053.3 952.67
62.5 0 0 12 1152 0 1100 726
62.5 0 0 0 0 0 1549.3 262.67
63.5 0 0 0 0 0 870.62 1009.3
63.5 0 0 6 606 0 1053.3 952.67
63.5 0 0 12 1152 0 1100 726
63.5 0 0 0 0 0 1549.3 262.67
64.5 0 0 0 0 0 870.61 1009.3
64.5 0 0 6 606 0 1053.3 952.67
64.5 0 0 12 1152 0 1100 726
64.5 0 0 0 0 0 1549.3 262.67
At time 65 created bundle with sequence number 1316 from 10.0.0.3 to 10.0.0.4
65.5 0 0 0 0 0 870.61 1009.3
65.5 0 0 6 606 0 1053.3 952.67
65.5 0 0 13 1248 0 1100 726
65.5 0 0 0 0 0 1549.3 262.67
66.5 0 0 0 0 0 870.61 1009.3
66.5 0 0 6 606 0 1053.3 952.67
66.5 0 0 13 1248 0 1100 726
66.5 0 0 0 0 0 1549.3 262.67
67.5 0 0 0 0 0 870.61 1009.4
67.5 0 0 6 606 0 1053.3 952.67
67.5 0 0 13 1248 0 1100 726
67.5 0 0 0 0 0 1549.3 262.67
68.5 0 0 0 0 0 870.61 1009.4
68.5 0 0 6 606 0 1053.3 952.67
68.5 0 0 13 1248 0 1100 726
68.5 0 0 0 0 0 1549.3 262.67
69.5 0 0 0 0 0 870.6 1009.4
69.5 0 0 6 606 0 1053.3 952.67
69.5 0 0 13 1248 0 1100 726
69.5 0 0 0 0 0 1549.3 262.67
At time 70 created bundle with sequence number 1417 from 10.0.0.2 to 10.0.0.4
At time 70 created bundle with sequence number 1418 from 10.0.0.3 to 10.0.0.4
70.5 0 0 0 0 0 870.6 1009.4
70.5 0 0 7 707 0 1053.3 952.67
70.5 0 0 14 1344 0 1100 726
70.5 0 0 0 0 0 1549.3 262.67
71.5 0 0 0 0 0 870.6 1009.4
71.5 0 0 7 707 0 1053.3 952.67
71.5 0 0 14 1344 0 1100 726
71.5 0 0 0 0 0 1549.3 262.67
72.5 0 0 0 0 0 870.6 1009.5
72.5 0 0 7 707 0 1053.3 952.67
72.5 0 0 14 1344 0 1100 726
72.5 0 0 0 0 0 1549.3 262.67
73.5 0 0 0 0 0 870.6 1009.5
73.5 0 0 7 707 0 1053.3 952.67
73.5 0 0 14 1344 0 1100 726
73.5 0 0 0 0 0 1549.3 262.67
74.5 0 0 0 0 0 870.59 1009.5
74.5 0 0 7 707 0 1053.3 952.67
74.5 0 0 14 1344 0 1100 726
74.5 0 0 0 0 0 1549.3 262.67
At time 75 created bundle with sequence number 1519 from 10.0.0.3 to 10.0.0.4
75.5 0 0 0 0 0 870.59 1009.5
75.5 0 0 7 707 0 1053.3 952.67
75.5 0 0 15 1440 0 1100 726
75.5 0 0 0 0 0 1549.3 262.67
76.5 0 0 0 0 0 870.59 1009.5
76.5 0 0 7 707 0 1053.3 952.67
76.5 0 0 15 1440 0 1100 726
76.5 0 0 0 0 0 1549.3 262.67
77.5 0 0 0 0 0 870.59 1009.5
77.5 0 0 7 707 0 1053.3 952.67
77.5 0 0 15 1440 0 1100 726
77.5 0 0 0 0 0 1549.3 262.67
78.5 0 0 0 0 0 870.59 1009.6
78.5 0 0 7 707 0 1053.3 952.67
78.5 0 0 15 1440 0 1100 726
78.5 0 0 0 0 0 1549.3 262.67
79.5 0 0 0 0 0 870.58 1009.6
79.5 0 0 7 707 0 1053.3 952.67
79.5 0 0 15 1440 0 1100 726
79.5 0 0 0 0 0 1549.3 262.67
At time 80 created bundle with sequence number 1620 from 10.0.0.2 to 10.0.0.4
At time 80 created bundle with sequence number 1621 from 10.0.0.3 to 10.0.0.4
80.5 0 0 0 0 0 870.58 1009.6
80.5 0 0 8 808 0 1053.3 952.67
80.5 0 0 16 1536 0 1100 726
80.5 0 0 0 0 0 1549.3 262.67
81.5 0 0 0 0 0 870.55 1010.4
81.5 0 0 8 808 0 1053.3 952.67
81.5 0 0 16 1536 0 1100 726
81.5 0 0 0 0 0 1549.3 262.67
82.5 0 0 0 0 0 870.62 1011.7
82.5 0 0 8 808 0 1053.3 952.67
82.5 0 0 16 1536 0 1100 726
82.5 0 0 0 0 0 1549.3 262.67
83.5 0 0 0 0 0 871.91 1012.4
83.5 0 0 8 808 0 1053.3 952.67
83.5 0 0 16 1536 0 1100 726
83.5 0 0 0 0 0 1549.3 262.67
84.5 0 0 0 0 0 874.18 1012.5
84.5 0 0 8 808 0 1053.3 952.67
84.5 0 0 16 1536 0 1100 726
84.5 0 0 0 0 0 1549.3 262.67
At time 85 created bundle with sequence number 1722 from 10.0.0.3 to 10.0.0.4
85.5 0 0 0 0 0 876.35 1012.6
85.5 0 0 8 808 0 1053.3 952.67
85.5 0 0 17 1632 0 1100 726
85.5 0 0 0 0 0 1549.3 262.67
86.5 0 0 0 0 0 878.27 1012.7
86.5 0 0 8 808 0 1053.3 952.67
86.5 0 0 17 1632 0 1100 726
86.5 0 0 0 0 0 1549.3 262.67
87.5 0 0 0 0 0 879.68 1012.7
87.5 0 0 8 808 0 1053.3 952.67
87.5 0 0 17 1632 0 1100 726
87.5 0 0 0 0 0 1549.3 262.67
88.5 0 0 0 0 0 880.93 1012.7
88.5 0 0 8 808 0 1053.3 952.67
88.5 0 0 17 1632 0 1100 726
88.5 0 0 0 0 0 1549.3 262.67
89.5 0 0 0 0 0 881.88 1013.4
89.5 0 0 8 808 0 1053.3 952.67
89.5 0 0 17 1632 0 1100 726
89.5 0 0 0 0 0 1549.3 262.67
At time 90 created bundle with sequence number 1823 from 10.0.0.2 to 10.0.0.4
At time 90 created bundle with sequence number 1824 from 10.0.0.3 to 10.0.0.4
90.5 0 0 0 0 0 882.65 1014.2
90.5 0 0 9 909 0 1053.3 952.67
90.5 0 0 18 1728 0 1100 726
90.5 0 0 0 0 0 1549.3 262.67
91.5 0 0 0 0 0 883.4 1015.7
91.5 0 0 9 909 0 1053.3 952.67
91.5 0 0 18 1728 0 1100 726
91.5 0 0 0 0 0 1549.3 262.67
92.5 0 0 0 0 0 883.91 1016.8
92.5 0 0 9 909 0 1053.3 952.67
92.5 0 0 18 1728 0 1100 726
92.5 0 0 0 0 0 1549.3 262.67
93.5 0 0 0 0 0 884.33 1016.8
93.5 0 0 9 909 0 1053.3 952.67
93.5 0 0 18 1728 0 1100 726
93.5 0 0 0 0 0 1549.3 262.67
94.5 0 0 0 0 0 884.66 1016.8
94.5 0 0 9 909 0 1053.3 952.67
94.5 0 0 18 1728 0 1100 726
94.5 0 0 0 0 0 1549.3 262.67
At time 95 created bundle with sequence number 1925 from 10.0.0.3 to 10.0.0.4
95.5 0 0 0 0 0 884.91 1016.9
95.5 0 0 9 909 0 1053.3 952.67
95.5 0 0 19 1824 0 1100 726
95.5 0 0 0 0 0 1549.3 262.67
96.5 0 0 0 0 0 885.08 1016.9
96.5 0 0 9 909 0 1053.3 952.67
96.5 0 0 19 1824 0 1100 726
96.5 0 0 0 0 0 1549.3 262.67
97.5 0 0 0 0 0 885.42 1016.9
97.5 0 0 9 909 0 1053.3 952.67
97.5 0 0 19 1824 0 1100 726
97.5 0 0 0 0 0 1549.3 262.67
98.5 0 0 0 0 0 886.08 1017
98.5 0 0 9 909 0 1053.3 952.67
98.5 0 0 19 1824 0 1100 726
98.5 0 0 0 0 0 1549.3 262.67
99.5 0 0 0 0 0 886.5 1017.8
99.5 0 0 9 909 0 1053.3 952.67
99.5 0 0 19 1824 0 1100 726
99.5 0 0 0 0 0 1549.3 262.67
At time 100 created bundle with sequence number 2026 from 10.0.0.2 to 10.0.0.4
At time 100 created bundle with sequence number 2027 from 10.0.0.3 to 10.0.0.4
100.5 0 0 0 0 0 886.75 1019.3
100.5 0 0 10 1010 0 1053.3 952.67
100.5 0 0 20 1920 0 1100 726
100.5 0 0 0 0 0 1549.3 262.67
101.5 0 0 0 0 0 887.17 1020.3
101.5 0 0 10 1010 0 1053.3 952.67
101.5 0 0 20 1920 0 1100 726
101.5 0 0 0 0 0 1549.3 262.67
102.5 0 0 0 0 0 887.33 1020.4
102.5 0 0 10 1010 0 1053.3 952.67
102.5 0 0 20 1920 0 1100 726
102.5 0 0 0 0 0 1549.3 262.67
103.5 0 0 0 0 0 887.98 1020.7
103.5 0 0 10 1010 0 1053.3 952.67
103.5 0 0 20 1920 0 1100 726
103.5 0 0 0 0 0 1549.3 262.67
104.5 0 0 0 0 0 889.54 1021.3
104.5 0 0 10 1010 0 1053.3 952.67
104.5 0 0 20 1920 0 1100 726
104.5 0 0 0 0 0 1549.3 262.67
At time 105 created bundle with sequence number 2128 from 10.0.0.3 to 10.0.0.4
105.5 0 0 0 0 0 891.37 1022
105.5 0 0 10 1010 0 1053.3 952.67
105.5 0 0 21 2016 0 1100 726
105.5 0 0 0 0 0 1549.3 262.67
106.5 0 0 0 0 0 893.22 1022.8
106.5 0 0 10 1010 0 1053.3 952.67
106.5 0 0 21 2016 0 1100 726
106.5 0 0 0 0 0 1549.3 262.67
107.5 0 0 0 0 0 895.14 1023.7
107.5 0 0 10 1010 0 1053.3 952.67
107.5 0 0 21 2016 0 1100 726
107.5 0 0 0 0 0 1549.3 262.67
108.5 0 0 0 0 0 897.3 1024.7
108.5 0 0 10 1010 0 1053.3 952.67
108.5 0 0 21 2016 0 1100 726
108.5 0 0 0 0 0 1549.3 262.67
109.5 0 0 0 0 0 899.55 1025.5
109.5 0 0 10 1010 0 1053.3 952.67
109.5 0 0 21 2016 0 1100 726
109.5 0 0 0 0 0 1549.3 262.67
At time 110 created bundle with sequence number 2229 from 10.0.0.2 to 10.0.0.4
At time 110 created bundle with sequence number 2230 from 10.0.0.3 to 10.0.0.4
110.5 0 0 0 0 0 901.54 1026.1
110.5 0 0 11 1111 0 1053.3 952.67
110.5 0 0 22 2112 0 1100 726
110.5 0 0 0 0 0 1549.3 262.67
111.5 0 0 0 0 0 903.23 1026.9
111.5 0 0 11 1111 0 1053.3 952.67
111.5 0 0 22 2112 0 1100 726
111.5 0 0 0 0 0 1549.3 262.67
112.5 0 0 0 0 0 904.58 1027.6
112.5 0 0 11 1111 0 1053.3 952.67
112.5 0 0 22 2112 0 1100 726
112.5 0 0 0 0 0 1549.3 262.67
113.5 0 0 0 0 0 905.62 1028.3
113.5 0 0 11 1111 0 1053.3 952.67
113.5 0 0 22 2112 0 1100 726
113.5 0 0 0 0 0 1549.3 262.67
114.5 0 0 0 0 0 906.34 1029
114.5 0 0 11 1111 0 1053.3 952.67
114.5 0 0 22 2112 0 1100 726
114.5 0 0 0 0 0 1549.3 262.67
At time 115 created bundle with sequence number 2331 from 10.0.0.3 to 10.0.0.4
115.5 0 0 0 0 0 906.65 1029.4
115.5 0 0 11 1111 0 1053.3 952.67
115.5 0 0 23 2208 0 1100 726
115.5 0 0 0 0 0 1549.3 262.67
116.5 0 0 0 0 0 906.77 1030.4
116.5 0 0 11 1111 0 1053.3 952.67
116.5 0 0 23 2208 0 1100 726
116.5 0 0 0 0 0 1549.3 262.67
117.5 0 0 0 0 0 906.82 1032
117.5 0 0 11 1111 0 1053.3 952.67
117.5 0 0 23 2208 0 1100 726
117.5 0 0 0 0 0 1549.3 262.67
118.5 0 0 0 0 0 907.03 1033.2
118.5 0 0 11 1111 0 1053.3 952.67
118.5 0 0 23 2208 0 1100 726
118.5 0 0 0 0 0 1549.3 262.67
119.5 0 0 0 0 0 907.33 1033.9
119.5 0 0 11 1111 0 1053.3 952.67
119.5 0 0 23 2208 0 1100 726
119.5 0 0 0 0 0 1549.3 262.67
At time 120 created bundle with sequence number 2432 from 10.0.0.2 to 10.0.0.4
At time 120 created bundle with sequence number 2433 from 10.0.0.3 to 10.0.0.4
120.5 0 0 0 0 0 907.89 1034.6
120.5 0 0 12 1212 0 1053.3 952.67
120.5 0 0 24 2304 0 1100 726
120.5 0 0 0 0 0 1549.3 262.67
121.5 0 0 0 0 0 909.26 1035.3
121.5 0 0 12 1212 0 1053.3 952.67
121.5 0 0 24 2304 0 1100 726
121.5 0 0 0 0 0 1549.3 262.67
122.5 0 0 0 0 0 911.5 1036.2
122.5 0 0 12 1212 0 1053.3 952.67
122.5 0 0 24 2304 0 1100 726
122.5 0 0 0 0 0 1549.3 262.67
123.5 0 0 0 0 0 914.08 1036.7
123.5 0 0 12 1212 0 1053.3 952.67
123.5 0 0 24 2304 0 1100 726
123.5 0 0 0 0 0 1549.3 262.67
124.5 0 0 0 0 0 916.83 1037.1
124.5 0 0 12 1212 0 1053.3 952.67
124.5 0 0 24 2304 0 1100 726
124.5 0 0 0 0 0 1549.3 262.67
At time 125 created bundle with sequence number 2534 from 10.0.0.3 to 10.0.0.4
125.5 0 0 0 0 0 920.76 1038.6
125.5 0 0 12 1212 0 1053.3 952.67
125.5 0 0 25 2400 0 1100 726
125.5 0 0 0 0 0 1549.3 262.67
126.5 0 0 0 0 0 926.35 1041.1
126.5 0 0 12 1212 0 1053.3 952.67
126.5 0 0 25 2400 0 1100 726
126.5 0 0 0 0 0 1549.3 262.67
127.5 0 0 0 0 0 931.01 1042.9
127.5 0 0 12 1212 0 1053.3 952.67
127.5 0 0 25 2400 0 1100 726
127.5 0 0 0 0 0 1549.3 262.67
128.5 0 0 0 0 0 933.44 1043.9
128.5 0 0 12 1212 0 1053.3 952.67
128.5 0 0 25 2400 0 1100 726
128.5 0 0 0 0 0 1549.3 262.67
129.5 0 0 0 0 0 934.78 1044.7
129.5 0 0 12 1212 0 1053.3 952.67
129.5 0 0 25 2400 0 1100 726
129.5 0 0 0 0 0 1549.3 262.67
At time 130 created bundle with sequence number 2635 from 10.0.0.2 to 10.0.0.4
At time 130 created bundle with sequence number 2636 from 10.0.0.3 to 10.0.0.4
130.5 0 0 0 0 0 935.33 1045
130.5 0 0 13 1313 0 1053.3 952.67
130.5 0 0 26 2496 0 1100 726
130.5 0 0 0 0 0 1549.3 262.67
131.5 0 0 0 0 0 935.58 1045.2
131.5 0 0 13 1313 0 1053.3 952.67
131.5 0 0 26 2496 0 1100 726
131.5 0 0 0 0 0 1549.3 262.67
132.5 0 0 0 0 0 935.73 1045.4
132.5 0 0 13 1313 0 1053.3 952.67
132.5 0 0 26 2496 0 1100 726
132.5 0 0 0 0 0 1549.3 262.67
133.5 0 0 0 0 0 936.07 1045.5
133.5 0 0 13 1313 0 1053.3 952.67
133.5 0 0 26 2496 0 1100 726
133.5 0 0 0 0 0 1549.3 262.67
134.5 0 0 0 0 0 936.51 1045.5
134.5 0 0 13 1313 0 1053.3 952.67
134.5 0 0 26 2496 0 1100 726
134.5 0 0 0 0 0 1549.3 262.67
At time 135 created bundle with sequence number 2737 from 10.0.0.3 to 10.0.0.4
135.5 0 0 0 0 0 936.94 1045.5
135.5 0 0 13 1313 0 1053.3 952.67
135.5 0 0 27 2592 0 1100 726
135.5 0 0 0 0 0 1549.3 262.67
136.5 0 0 0 0 0 937.12 1045.6
136.5 0 0 13 1313 0 1053.3 952.67
136.5 0 0 27 2592 0 1100 726
136.5 0 0 0 0 0 1549.3 262.67
137.5 0 0 0 0 0 937.17 1045.7
137.5 0 0 13 1313 0 1053.3 952.67
137.5 0 0 27 2592 0 1100 726
137.5 0 0 0 0 0 1549.3 262.67
138.5 0 0 0 0 0 937 1046.3
138.5 0 0 13 1313 0 1053.3 952.67
138.5 0 0 27 2592 0 1100 726
138.5 0 0 0 0 0 1549.3 262.67
139.5 0 0 0 0 0 936.58 1047.4
139.5 0 0 13 1313 0 1053.3 952.67
139.5 0 0 27 2592 0 1100 726
139.5 0 0 0 0 0 1549.3 262.67
At time 140 created bundle with sequence number 2838 from 10.0.0.2 to 10.0.0.4
At time 140 created bundle with sequence number 2839 from 10.0.0.3 to 10.0.0.4
140.5 0 0 0 0 0 936.33 1047.8
140.5 0 0 14 1414 0 1053.3 952.67
140.5 0 0 28 2688 0 1100 726
140.5 0 0 0 0 0 1549.3 262.67
141.5 0 0 0 0 0 936.33 1047.9
141.5 0 0 14 1414 0 1053.3 952.67
141.5 0 0 28 2688 0 1100 726
141.5 0 0 0 0 0 1549.3 262.67
142.5 0 0 0 0 0 936.33 1047.9
142.5 0 0 14 1414 0 1053.3 952.67
142.5 0 0 28 2688 0 1100 726
142.5 0 0 0 0 0 1549.3 262.67
143.5 0 0 0 0 0 936.32 1047.9
143.5 0 0 14 1414 0 1053.3 952.67
143.5 0 0 28 2688 0 1100 726
143.5 0 0 0 0 0 1549.3 262.67
144.5 0 0 0 0 0 936.32 1047.9
144.5 0 0 14 1414 0 1053.3 952.67
144.5 0 0 28 2688 0 1100 726
144.5 0 0 0 0 0 1549.3 262.67
At time 145 created bundle with sequence number 2940 from 10.0.0.3 to 10.0.0.4
145.5 0 0 0 0 0 936.32 1047.9
145.5 0 0 14 1414 0 1053.3 952.67
145.5 0 0 29 2784 0 1100 726
145.5 0 0 0 0 0 1549.3 262.67
146.5 0 0 0 0 0 936.32 1047.9
146.5 0 0 14 1414 0 1053.3 952.67
146.5 0 0 29 2784 0 1100 726
146.5 0 0 0 0 0 1549.3 262.67
147.5 0 0 0 0 0 936.32 1047.9
147.5 0 0 14 1414 0 1053.3 952.67
147.5 0 0 29 2784 0 1100 726
147.5 0 0 0 0 0 1549.3 262.67
148.5 0 0 0 0 0 936.31 1047.9
148.5 0 0 14 1414 0 1053.3 952.67
148.5 0 0 29 2784 0 1100 726
148.5 0 0 0 0 0 1549.3 262.67
149.5 0 0 0 0 0 936.31 1047.9
149.5 0 0 14 1414 0 1053.3 952.67
149.5 0 0 29 2784 0 1100 726
149.5 0 0 0 0 0 1549.3 262.67
At time 150 created bundle with sequence number 3041 from 10.0.0.2 to 10.0.0.4
At time 150 created bundle with sequence number 3042 from 10.0.0.3 to 10.0.0.4
150.5 0 0 0 0 0 936.31 1047.9
150.5 0 0 15 1515 0 1053.3 952.67
150.5 0 0 30 2880 0 1100 726
150.5 0 0 0 0 0 1549.3 262.67
151.5 0 0 0 0 0 936.31 1047.9
151.5 0 0 15 1515 0 1053.3 952.67
151.5 0 0 30 2880 0 1100 726
151.5 0 0 0 0 0 1549.3 262.67
152.5 0 0 0 0 0 936.3 1047.9
152.5 0 0 15 1515 0 1053.3 952.67
152.5 0 0 30 2880 0 1100 726
152.5 0 0 0 0 0 1549.3 262.67
153.5 0 0 0 0 0 936.3 1048
153.5 0 0 15 1515 0 1053.3 952.67
153.5 0 0 30 2880 0 1100 726
153.5 0 0 0 0 0 1549.3 262.67
154.5 0 0 0 0 0 936.3 1048
154.5 0 0 15 1515 0 1053.3 952.67
154.5 0 0 30 2880 0 1100 726
154.5 0 0 0 0 0 1549.3 262.67
At time 155 created bundle with sequence number 3143 from 10.0.0.3 to 10.0.0.4
155.5 0 0 0 0 0 936.3 1048
155.5 0 0 15 1515 0 1053.3 952.67
155.5 0 0 31 2976 0 1100 726
155.5 0 0 0 0 0 1549.3 262.67
156.5 0 0 0 0 0 936.3 1048
156.5 0 0 15 1515 0 1053.3 952.67
156.5 0 0 31 2976 0 1100 726
156.5 0 0 0 0 0 1549.3 262.67
157.5 0 0 0 0 0 936.29 1048
157.5 0 0 15 1515 0 1053.3 952.67
157.5 0 0 31 2976 0 1100 726
157.5 0 0 0 0 0 1549.3 262.67
158.5 0 0 0 0 0 936.29 1048
158.5 0 0 15 1515 0 1053.3 952.67
158.5 0 0 31 2976 0 1100 726
158.5 0 0 0 0 0 1549.3 262.67
159.5 0 0 0 0 0 936.29 1048
159.5 0 0 15 1515 0 1053.3 952.67
159.5 0 0 31 2976 0 1100 726
159.5 0 0 0 0 0 1549.3 262.67
At time 160 created bundle with sequence number 3244 from 10.0.0.2 to 10.0.0.4
At time 160 created bundle with sequence number 3245 from 10.0.0.3 to 10.0.0.4
160.5 0 0 0 0 0 936.29 1048
160.5 0 0 16 1616 0 1053.3 952.67
160.5 0 0 32 3072 0 1100 726
160.5 0 0 0 0 0 1549.3 262.67
161.5 0 0 0 0 0 936.29 1048
161.5 0 0 16 1616 0 1053.3 952.67
161.5 0 0 32 3072 0 1100 726
161.5 0 0 0 0 0 1549.3 262.67
162.5 0 0 0 0 0 936.28 1048
162.5 0 0 16 1616 0 1053.3 952.67
162.5 0 0 32 3072 0 1100 726
162.5 0 0 0 0 0 1549.3 262.67
163.5 0 0 0 0 0 936.28 1048
163.5 0 0 16 1616 0 1053.3 952.67
163.5 0 0 32 3072 0 1100 726
163.5 0 0 0 0 0 1549.3 262.67
164.5 0 0 0 0 0 936.28 1048
164.5 0 0 16 1616 0 1053.3 952.67
164.5 0 0 32 3072 0 1100 726
164.5 0 0 0 0 0 1549.3 262.67
At time 165 created bundle with sequence number 3346 from 10.0.0.3 to 10.0.0.4
165.5 0 0 0 0 0 936.28 1048.1
165.5 0 0 16 1616 0 1053.3 952.67
165.5 0 0 33 3168 0 1100 726
165.5 0 0 0 0 0 1549.3 262.67
166.5 0 0 0 0 0 936.28 1048.1
166.5 0 0 16 1616 0 1053.3 952.67
166.5 0 0 33 3168 0 1100 726
166.5 0 0 0 0 0 1549.3 262.67
167.5 0 0 0 0 0 936.27 1048.1
167.5 0 0 16 1616 0 1053.3 952.67
167.5 0 0 33 3168 0 1100 726
167.5 0 0 0 0 0 1549.3 262.67
168.5 0 0 0 0 0 936.27 1048.1
168.5 0 0 16 1616 0 1053.3 952.67
168.5 0 0 33 3168 0 1100 726
168.5 0 0 0 0 0 1549.3 262.67
169.5 0 0 0 0 0 936.27 1048.1
169.5 0 0 16 1616 0 1053.3 952.67
169.5 0 0 33 3168 0 1100 726
169.5 0 0 0 0 0 1549.3 262.67
At time 170 created bundle with sequence number 3447 from 10.0.0.2 to 10.0.0.4
At time 170 created bundle with sequence number 3448 from 10.0.0.3 to 10.0.0.4
170.5 0 0 0 0 0 936.27 1048.1
170.5 0 0 17 1717 0 1053.3 952.67
170.5 0 0 34 3264 0 1100 726
170.5 0 0 0 0 0 1549.3 262.67
171.5 0 0 0 0 0 936.27 1048.1
171.5 0 0 17 1717 0 1053.3 952.67
171.5 0 0 34 3264 0 1100 726
171.5 0 0 0 0 0 1549.3 262.67
172.5 0 0 0 0 0 936.26 1048.1
172.5 0 0 17 1717 0 1053.3 952.67
172.5 0 0 34 3264 0 1100 726
172.5 0 0 0 0 0 1549.3 262.67
173.5 0 0 0 0 0 936.26 1048.1
173.5 0 0 17 1717 0 1053.3 952.67
173.5 0 0 34 3264 0 1100 726
173.5 0 0 0 0 0 1549.3 262.67
174.5 0 0 0 0 0 936.26 1048.1
174.5 0 0 17 1717 0 1053.3 952.67
174.5 0 0 34 3264 0 1100 726
174.5 0 0 0 0 0 1549.3 262.67
At time 175 created bundle with sequence number 3549 from 10.0.0.3 to 10.0.0.4
175.5 0 0 0 0 0 936.26 1048.1
175.5 0 0 17 1717 0 1053.3 952.67
175.5 0 0 35 3360 0 1100 726
175.5 0 0 0 0 0 1549.3 262.67
176.5 0 0 0 0 0 936.26 1048.1
176.5 0 0 17 1717 0 1053.3 952.67
176.5 0 0 35 3360 0 1100 726
176.5 0 0 0 0 0 1549.3 262.67
177.5 0 0 0 0 0 936.25 1048.2
177.5 0 0 17 1717 0 1053.3 952.67
177.5 0 0 35 3360 0 1100 726
177.5 0 0 0 0 0 1549.3 262.67
178.5 0 0 0 0 0 936.25 1048.2
178.5 0 0 17 1717 0 1053.3 952.67
178.5 0 0 35 3360 0 1100 726
178.5 0 0 0 0 0 1549.3 262.67
179.5 0 0 0 0 0 936.25 1048.2
179.5 0 0 17 1717 0 1053.3 952.67
179.5 0 0 35 3360 0 1100 726
179.5 0 0 0 0 0 1549.3 262.67
At time 180 created bundle with sequence number 3650 from 10.0.0.2 to 10.0.0.4
At time 180 created bundle with sequence number 3651 from 10.0.0.3 to 10.0.0.4
180.5 0 0 0 0 0 936.25 1048.2
180.5 0 0 18 1818 0 1053.3 952.67
180.5 0 0 36 3456 0 1100 726
180.5 0 0 0 0 0 1549.3 262.67
181.5 0 0 0 0 0 936.18 1048.3
181.5 0 0 18 1818 0 1053.3 952.67
181.5 0 0 36 3456 0 1100 726
181.5 0 0 0 0 0 1549.3 262.67
182.5 0 0 0 0 0 936.13 1048.7
182.5 0 0 18 1818 0 1053.3 952.67
182.5 0 0 36 3456 0 1100 726
182.5 0 0 0 0 0 1549.3 262.67
183.5 0 0 0 0 0 936.44 1049.1
183.5 0 0 18 1818 0 1053.3 952.67
183.5 0 0 36 3456 0 1100 726
183.5 0 0 0 0 0 1549.3 262.67
184.5 0 0 0 0 0 936.81 1049.3
184.5 0 0 18 1818 0 1053.3 952.67
184.5 0 0 36 3456 0 1100 726
184.5 0 0 0 0 0 1549.3 262.67
At time 185 created bundle with sequence number 3752 from 10.0.0.3 to 10.0.0.4
185.5 0 0 0 0 0 937.07 1049.4
185.5 0 0 18 1818 0 1053.3 952.67
185.5 0 0 37 3552 0 1100 726
185.5 0 0 0 0 0 1549.3 262.67
186.5 0 0 0 0 0 937.41 1049.6
186.5 0 0 18 1818 0 1053.3 952.67
186.5 0 0 37 3552 0 1100 726
186.5 0 0 0 0 0 1549.3 262.67
187.5 0 0 0 0 0 937.72 1049.6
187.5 0 0 18 1818 0 1053.3 952.67
187.5 0 0 37 3552 0 1100 726
187.5 0 0 0 0 0 1549.3 262.67
188.5 0 0 0 0 0 937.92 1049.6
188.5 0 0 18 1818 0 1053.3 952.67
188.5 0 0 37 3552 0 1100 726
188.5 0 0 0 0 0 1549.3 262.67
189.5 0 0 0 0 0 937.83 1049.8
189.5 0 0 18 1818 0 1053.3 952.67
189.5 0 0 37 3552 0 1100 726
189.5 0 0 0 0 0 1549.3 262.67
At time 190 created bundle with sequence number 3853 from 10.0.0.2 to 10.0.0.4
At time 190 created bundle with sequence number 3854 from 10.0.0.3 to 10.0.0.4
190.5 0 0 0 0 0 937.5 1050
190.5 0 0 19 1919 0 1053.3 952.67
190.5 0 0 38 3648 0 1100 726
190.5 0 0 0 0 0 1549.3 262.67
191.5 0 0 0 0 0 937.5 1050.2
191.5 0 0 19 1919 0 1053.3 952.67
191.5 0 0 38 3648 0 1100 726
191.5 0 0 0 0 0 1549.3 262.67
192.5 0 0 0 0 0 938 1050.2
192.5 0 0 19 1919 0 1053.3 952.67
192.5 0 0 38 3648 0 1100 726
192.5 0 0 0 0 0 1549.3 262.67
193.5 0 0 0 0 0 938.42 1050.3
193.5 0 0 19 1919 0 1053.3 952.67
193.5 0 0 38 3648 0 1100 726
193.5 0 0 0 0 0 1549.3 262.67
194.5 0 0 0 0 0 939.25 1050.2
194.5 0 0 19 1919 0 1053.3 952.67
194.5 0 0 38 3648 0 1100 726
194.5 0 0 0 0 0 1549.3 262.67
At time 195 created bundle with sequence number 3955 from 10.0.0.3 to 10.0.0.4
195.5 0 0 0 0 0 940.92 1048.6
195.5 0 0 19 1919 0 1053.3 952.67
195.5 0 0 39 3744 0 1100 726
195.5 0 0 0 0 0 1549.3 262.67
196.5 0 0 0 0 0 942.67 1047.1
196.5 0 0 19 1919 0 1053.3 952.67
196.5 0 0 39 3744 0 1100 726
196.5 0 0 0 0 0 1549.3 262.67
197.5 0 0 0 0 0 944.25 1046.7
197.5 0 0 19 1919 0 1053.3 952.67
197.5 0 0 39 3744 0 1100 726
197.5 0 0 0 0 0 1549.3 262.67
198.5 0 0 0 0 0 945.75 1046.5
198.5 0 0 19 1919 0 1053.3 952.67
198.5 0 0 39 3744 0 1100 726
198.5 0 0 0 0 0 1549.3 262.67
199.5 0 0 0 0 0 947.08 1046.7
199.5 0 0 19 1919 0 1053.3 952.67
199.5 0 0 39 3744 0 1100 726
199.5 0 0 0 0 0 1549.3 262.67
At time 200 created bundle with sequence number 4056 from 10.0.0.2 to 10.0.0.4
At time 200 created bundle with sequence number 4057 from 10.0.0.3 to 10.0.0.4
200.5 0 0 0 0 0 949 1047.4
200.5 0 0 20 2020 0 1053.3 952.67
200.5 0 0 40 3840 0 1100 726
200.5 0 0 0 0 0 1549.3 262.67
201.5 0 0 0 0 0 951 1048.5
201.5 0 0 20 2020 0 1053.3 952.67
201.5 0 0 40 3840 0 1100 726
201.5 0 0 0 0 0 1549.3 262.67
202.5 0 0 0 0 0 952.42 1049.4
202.5 0 0 20 2020 0 1053.3 952.67
202.5 0 0 40 3840 0 1100 726
202.5 0 0 0 0 0 1549.3 262.67
203.5 0 0 0 0 0 953.75 1050.4
203.5 0 0 20 2020 0 1053.3 952.67
203.5 0 0 40 3840 0 1100 726
203.5 0 0 0 0 0 1549.3 262.67
204.5 0 0 0 0 0 954.83 1051.4
204.5 0 0 20 2020 0 1053.3 952.67
204.5 0 0 40 3840 0 1100 726
204.5 0 0 0 0 0 1549.3 262.67
At time 205 created bundle with sequence number 4158 from 10.0.0.3 to 10.0.0.4
205.5 0 0 0 0 0 955.5 1052.1
205.5 0 0 20 2020 0 1053.3 952.67
205.5 0 0 41 3936 0 1100 726
205.5 0 0 0 0 0 1549.3 262.67
206.5 0 0 0 0 0 955.79 1052.2
206.5 0 0 20 2020 0 1053.3 952.67
206.5 0 0 41 3936 0 1100 726
206.5 0 0 0 0 0 1549.3 262.67
207.5 0 0 0 0 0 955.92 1052.2
207.5 0 0 20 2020 0 1053.3 952.67
207.5 0 0 41 3936 0 1100 726
207.5 0 0 0 0 0 1549.3 262.67
208.5 0 0 0 0 0 955.97 1052.1
208.5 0 0 20 2020 0 1053.3 952.67
208.5 0 0 41 3936 0 1100 726
208.5 0 0 0 0 0 1549.3 262.67
209.5 0 0 0 0 0 956.09 1051.9
209.5 0 0 20 2020 0 1053.3 952.67
209.5 0 0 41 3936 0 1100 726
209.5 0 0 0 0 0 1549.3 262.67
At time 210 created bundle with sequence number 4259 from 10.0.0.2 to 10.0.0.4
At time 210 created bundle with sequence number 4260 from 10.0.0.3 to 10.0.0.4
210.5 0 0 0 0 0 956.17 1051.9
210.5 0 0 21 2121 0 1053.3 952.67
210.5 0 0 42 4032 0 1100 726
210.5 0 0 0 0 0 1549.3 262.67
211.5 0 0 0 0 0 956.43 1052
211.5 0 0 21 2121 0 1053.3 952.67
211.5 0 0 42 4032 0 1100 726
211.5 0 0 0 0 0 1549.3 262.67
212.5 0 0 0 0 0 956.83 1052.4
212.5 0 0 21 2121 0 1053.3 952.67
212.5 0 0 42 4032 0 1100 726
212.5 0 0 0 0 0 1549.3 262.67
213.5 0 0 0 0 0 957.08 1053
213.5 0 0 21 2121 0 1053.3 952.67
213.5 0 0 42 4032 0 1100 726
213.5 0 0 0 0 0 1549.3 262.67
214.5 0 0 0 0 0 957.33 1053.8
214.5 0 0 21 2121 0 1053.3 952.67
214.5 0 0 42 4032 0 1100 726
214.5 0 0 0 0 0 1549.3 262.67
At time 215 created bundle with sequence number 4361 from 10.0.0.3 to 10.0.0.4
215.5 0 0 0 0 0 957.58 1054.6
215.5 0 0 21 2121 0 1053.3 952.67
215.5 0 0 43 4128 0 1100 726
215.5 0 0 0 0 0 1549.3 262.67
216.5 0 0 0 0 0 957.67 1055.4
216.5 0 0 21 2121 0 1053.3 952.67
216.5 0 0 43 4128 0 1100 726
216.5 0 0 0 0 0 1549.3 262.67
217.5 0 0 0 0 0 957.67 1056.2
217.5 0 0 21 2121 0 1053.3 952.67
217.5 0 0 43 4128 0 1100 726
217.5 0 0 0 0 0 1549.3 262.67
218.5 0 0 0 0 0 957.58 1055.7
218.5 0 0 21 2121 0 1053.3 952.67
218.5 0 0 43 4128 0 1100 726
218.5 0 0 0 0 0 1549.3 262.67
219.5 0 0 0 0 0 957.42 1054.9
219.5 0 0 21 2121 0 1053.3 952.67
219.5 0 0 43 4128 0 1100 726
219.5 0 0 0 0 0 1549.3 262.67
At time 220 created bundle with sequence number 4462 from 10.0.0.2 to 10.0.0.4
At time 220 created bundle with sequence number 4463 from 10.0.0.3 to 10.0.0.4
220.5 0 0 0 0 0 957.17 1054.7
220.5 0 0 22 2222 0 1053.3 952.67
220.5 0 0 44 4224 0 1100 726
220.5 0 0 0 0 0 1549.3 262.67
221.5 0 0 0 0 0 956.83 1054.5
221.5 0 0 22 2222 0 1053.3 952.67
221.5 0 0 44 4224 0 1100 726
221.5 0 0 0 0 0 1549.3 262.67
222.5 0 0 0 0 0 956.5 1054.3
222.5 0 0 22 2222 0 1053.3 952.67
222.5 0 0 44 4224 0 1100 726
222.5 0 0 0 0 0 1549.3 262.67
223.5 0 0 0 0 0 956.25 1054.3
223.5 0 0 22 2222 0 1053.3 952.67
223.5 0 0 44 4224 0 1100 726
223.5 0 0 0 0 0 1549.3 262.67
224.5 0 0 0 0 0 956.17 1054.3
224.5 0 0 22 2222 0 1053.3 952.67
224.5 0 0 44 4224 0 1100 726
224.5 0 0 0 0 0 1549.3 262.67
At time 225 created bundle with sequence number 4564 from 10.0.0.3 to 10.0.0.4
225.5 0 0 0 0 0 956.25 1054.4
225.5 0 0 22 2222 0 1053.3 952.67
225.5 0 0 45 4320 0 1100 726
225.5 0 0 0 0 0 1549.3 262.67
226.5 0 0 0 0 0 956.33 1054.6
226.5 0 0 22 2222 0 1053.3 952.67
226.5 0 0 45 4320 0 1100 726
226.5 0 0 0 0 0 1549.3 262.67
227.5 0 0 0 0 0 956.25 1054.8
227.5 0 0 22 2222 0 1053.3 952.67
227.5 0 0 45 4320 0 1100 726
227.5 0 0 0 0 0 1549.3 262.67
228.5 0 0 0 0 0 956 1054.8
228.5 0 0 22 2222 0 1053.3 952.67
228.5 0 0 45 4320 0 1100 726
228.5 0 0 0 0 0 1549.3 262.67
229.5 0 0 0 0 0 955.75 1054.8
229.5 0 0 22 2222 0 1053.3 952.67
229.5 0 0 45 4320 0 1100 726
229.5 0 0 0 0 0 1549.3 262.67
At time 230 created bundle with sequence number 4665 from 10.0.0.2 to 10.0.0.4
At time 230 created bundle with sequence number 4666 from 10.0.0.3 to 10.0.0.4
230.5 0 0 0 0 0 955.5 1054.8
230.5 0 0 23 2323 0 1053.3 952.67
230.5 0 0 46 4416 0 1100 726
230.5 0 0 0 0 0 1549.3 262.67
231.5 0 0 0 0 0 955.25 1055.5
231.5 0 0 23 2323 0 1053.3 952.67
231.5 0 0 46 4416 0 1100 726
231.5 0 0 0 0 0 1549.3 262.67
232.5 0 0 0 0 0 955 1056.6
232.5 0 0 23 2323 0 1053.3 952.67
232.5 0 0 46 4416 0 1100 726
232.5 0 0 0 0 0 1549.3 262.67
233.5 0 0 0 0 0 954.92 1057.6
233.5 0 0 23 2323 0 1053.3 952.67
233.5 0 0 46 4416 0 1100 726
233.5 0 0 0 0 0 1549.3 262.67
234.5 0 0 0 0 0 955 1058.2
234.5 0 0 23 2323 0 1053.3 952.67
234.5 0 0 46 4416 0 1100 726
234.5 0 0 0 0 0 1549.3 262.67
At time 235 created bundle with sequence number 4767 from 10.0.0.3 to 10.0.0.4
235.5 0 0 0 0 0 954.92 1058.1
235.5 0 0 23 2323 0 1053.3 952.67
235.5 0 0 47 4512 0 1100 726
235.5 0 0 0 0 0 1549.3 262.67
236.5 0 0 0 0 0 954.25 1057.1
236.5 0 0 23 2323 0 1053.3 952.67
236.5 0 0 47 4512 0 1100 726
236.5 0 0 0 0 0 1549.3 262.67
237.5 0 0 0 0 0 953.67 1055.7
237.5 0 0 23 2323 0 1053.3 952.67
237.5 0 0 47 4512 0 1100 726
237.5 0 0 0 0 0 1549.3 262.67
238.5 0 0 0 0 0 953.67 1055
238.5 0 0 23 2323 0 1053.3 952.67
238.5 0 0 47 4512 0 1100 726
238.5 0 0 0 0 0 1549.3 262.67
239.5 0 0 0 0 0 953.67 1054.8
239.5 0 0 23 2323 0 1053.3 952.67
239.5 0 0 47 4512 0 1100 726
239.5 0 0 0 0 0 1549.3 262.67
At time 240 created bundle with sequence number 4868 from 10.0.0.2 to 10.0.0.4
At time 240 created bundle with sequence number 4869 from 10.0.0.3 to 10.0.0.4
240.5 0 0 0 0 0 953.67 1054.8
240.5 0 0 24 2424 0 1053.3 952.67
240.5 0 0 48 4608 0 1100 726
240.5 0 0 0 0 0 1549.3 262.67
241.5 0 0 0 0 0 953.67 1054.8
241.5 0 0 24 2424 0 1053.3 952.67
241.5 0 0 48 4608 0 1100 726
241.5 0 0 0 0 0 1549.3 262.67
242.5 0 0 0 0 0 953.67 1054.8
242.5 0 0 24 2424 0 1053.3 952.67
242.5 0 0 48 4608 0 1100 726
242.5 0 0 0 0 0 1549.3 262.67
243.5 0 0 0 0 0 953.67 1054.8
243.5 0 0 24 2424 0 1053.3 952.67
243.5 0 0 48 4608 0 1100 726
243.5 0 0 0 0 0 1549.3 262.67
244.5 0 0 0 0 0 953.67 1054.8
244.5 0 0 24 2424 0 1053.3 952.67
244.5 0 0 48 4608 0 1100 726
244.5 0 0 0 0 0 1549.3 262.67
At time 245 created bundle with sequence number 4970 from 10.0.0.3 to 10.0.0.4
245.5 0 0 0 0 0 953.68 1054.8
245.5 0 0 24 2424 0 1053.3 952.67
245.5 0 0 49 4704 0 1100 726
245.5 0 0 0 0 0 1549.3 262.67
246.5 0 0 0 0 0 953.68 1054.8
246.5 0 0 24 2424 0 1053.3 952.67
246.5 0 0 49 4704 0 1100 726
246.5 0 0 0 0 0 1549.3 262.67
247.5 0 0 0 0 0 953.68 1054.8
247.5 0 0 24 2424 0 1053.3 952.67
247.5 0 0 49 4704 0 1100 726
247.5 0 0 0 0 0 1549.3 262.67
248.5 0 0 0 0 0 953.68 1054.8
248.5 0 0 24 2424 0 1053.3 952.67
248.5 0 0 49 4704 0 1100 726
248.5 0 0 0 0 0 1549.3 262.67
249.5 0 0 0 0 0 953.68 1054.7
249.5 0 0 24 2424 0 1053.3 952.67
249.5 0 0 49 4704 0 1100 726
249.5 0 0 0 0 0 1549.3 262.67
At time 250 created bundle with sequence number 5071 from 10.0.0.2 to 10.0.0.4
At time 250 created bundle with sequence number 5072 from 10.0.0.3 to 10.0.0.4
250.5 0 0 0 0 0 953.68 1054.7
250.5 0 0 25 2525 0 1053.3 952.67
250.5 0 0 50 4800 0 1100 726
250.5 0 0 0 0 0 1549.3 262.67
251.5 0 0 0 0 0 953.68 1054.7
251.5 0 0 25 2525 0 1053.3 952.67
251.5 0 0 50 4800 0 1100 726
251.5 0 0 0 0 0 1549.3 262.67
252.5 0 0 0 0 0 953.69 1054.7
252.5 0 0 25 2525 0 1053.3 952.67
252.5 0 0 50 4800 0 1100 726
252.5 0 0 0 0 0 1549.3 262.67
253.5 0 0 0 0 0 953.69 1054.7
253.5 0 0 25 2525 0 1053.3 952.67
253.5 0 0 50 4800 0 1100 726
253.5 0 0 0 0 0 1549.3 262.67
254.5 0 0 0 0 0 953.69 1054.7
254.5 0 0 25 2525 0 1053.3 952.67
254.5 0 0 50 4800 0 1100 726
254.5 0 0 0 0 0 1549.3 262.67
At time 255 created bundle with sequence number 5173 from 10.0.0.3 to 10.0.0.4
255.5 0 0 0 0 0 953.69 1054.7
255.5 0 0 25 2525 0 1053.3 952.67
255.5 0 0 51 4896 0 1100 726
255.5 0 0 0 0 0 1549.3 262.67
256.5 0 0 0 0 0 953.69 1054.7
256.5 0 0 25 2525 0 1053.3 952.67
256.5 0 0 51 4896 0 1100 726
256.5 0 0 0 0 0 1549.3 262.67
257.5 0 0 0 0 0 953.69 1054.7
257.5 0 0 25 2525 0 1053.3 952.67
257.5 0 0 51 4896 0 1100 726
257.5 0 0 0 0 0 1549.3 262.67
258.5 0 0 0 0 0 953.69 1054.7
258.5 0 0 25 2525 0 1053.3 952.67
258.5 0 0 51 4896 0 1100 726
258.5 0 0 0 0 0 1549.3 262.67
259.5 0 0 0 0 0 953.7 1054.7
259.5 0 0 25 2525 0 1053.3 952.67
259.5 0 0 51 4896 0 1100 726
259.5 0 0 0 0 0 1549.3 262.67
At time 260 created bundle with sequence number 5274 from 10.0.0.2 to 10.0.0.4
At time 260 created bundle with sequence number 5275 from 10.0.0.3 to 10.0.0.4
260.5 0 0 0 0 0 953.7 1054.7
260.5 0 0 26 2626 0 1053.3 952.67
260.5 0 0 52 4992 0 1100 726
260.5 0 0 0 0 0 1549.3 262.67
261.5 0 0 0 0 0 953.7 1054.6
261.5 0 0 26 2626 0 1053.3 952.67
261.5 0 0 52 4992 0 1100 726
261.5 0 0 0 0 0 1549.3 262.67
262.5 0 0 0 0 0 953.7 1054.6
262.5 0 0 26 2626 0 1053.3 952.67
262.5 0 0 52 4992 0 1100 726
262.5 0 0 0 0 0 1549.3 262.67
263.5 0 0 0 0 0 953.7 1054.6
263.5 0 0 26 2626 0 1053.3 952.67
263.5 0 0 52 4992 0 1100 726
263.5 0 0 0 0 0 1549.3 262.67
264.5 0 0 0 0 0 953.7 1054.6
264.5 0 0 26 2626 0 1053.3 952.67
264.5 0 0 52 4992 0 1100 726
264.5 0 0 0 0 0 1549.3 262.67
At time 265 created bundle with sequence number 5376 from 10.0.0.3 to 10.0.0.4
265.5 0 0 0 0 0 953.7 1054.6
265.5 0 0 26 2626 0 1053.3 952.67
265.5 0 0 53 5088 0 1100 726
265.5 0 0 0 0 0 1549.3 262.67
266.5 0 0 0 0 0 953.71 1054.6
266.5 0 0 26 2626 0 1053.3 952.67
266.5 0 0 53 5088 0 1100 726
266.5 0 0 0 0 0 1549.3 262.67
267.5 0 0 0 0 0 953.71 1054.6
267.5 0 0 26 2626 0 1053.3 952.67
267.5 0 0 53 5088 0 1100 726
267.5 0 0 0 0 0 1549.3 262.67
268.5 0 0 0 0 0 953.71 1054.6
268.5 0 0 26 2626 0 1053.3 952.67
268.5 0 0 53 5088 0 1100 726
268.5 0 0 0 0 0 1549.3 262.67
269.5 0 0 0 0 0 953.71 1054.6
269.5 0 0 26 2626 0 1053.3 952.67
269.5 0 0 53 5088 0 1100 726
269.5 0 0 0 0 0 1549.3 262.67
At time 270 created bundle with sequence number 5477 from 10.0.0.2 to 10.0.0.4
At time 270 created bundle with sequence number 5478 from 10.0.0.3 to 10.0.0.4
270.5 0 0 0 0 0 953.71 1054.6
270.5 0 0 27 2727 0 1053.3 952.67
270.5 0 0 54 5184 0 1100 726
270.5 0 0 0 0 0 1549.3 262.67
271.5 0 0 0 0 0 953.71 1054.6
271.5 0 0 27 2727 0 1053.3 952.67
271.5 0 0 54 5184 0 1100 726
271.5 0 0 0 0 0 1549.3 262.67
272.5 0 0 0 0 0 953.71 1054.6
272.5 0 0 27 2727 0 1053.3 952.67
272.5 0 0 54 5184 0 1100 726
272.5 0 0 0 0 0 1549.3 262.67
273.5 0 0 0 0 0 953.71 1054.5
273.5 0 0 27 2727 0 1053.3 952.67
273.5 0 0 54 5184 0 1100 726
273.5 0 0 0 0 0 1549.3 262.67
274.5 0 0 0 0 0 953.72 1054.5
274.5 0 0 27 2727 0 1053.3 952.67
274.5 0 0 54 5184 0 1100 726
274.5 0 0 0 0 0 1549.3 262.67
At time 275 created bundle with sequence number 5579 from 10.0.0.3 to 10.0.0.4
275.5 0 0 0 0 0 953.72 1054.5
275.5 0 0 27 2727 0 1053.3 952.67
275.5 0 0 55 5280 0 1100 726
275.5 0 0 0 0 0 1549.3 262.67
276.5 0 0 0 0 0 953.72 1054.5
276.5 0 0 27 2727 0 1053.3 952.67
276.5 0 0 55 5280 0 1100 726
276.5 0 0 0 0 0 1549.3 262.67
277.5 0 0 0 0 0 953.72 1054.5
277.5 0 0 27 2727 0 1053.3 952.67
277.5 0 0 55 5280 0 1100 726
277.5 0 0 0 0 0 1549.3 262.67
278.5 0 0 0 0 0 953.72 1054.5
278.5 0 0 27 2727 0 1053.3 952.67
278.5 0 0 55 5280 0 1100 726
278.5 0 0 0 0 0 1549.3 262.67
279.5 0 0 0 0 0 953.72 1054.5
279.5 0 0 27 2727 0 1053.3 952.67
279.5 0 0 55 5280 0 1100 726
279.5 0 0 0 0 0 1549.3 262.67
At time 280 created bundle with sequence number 5680 from 10.0.0.2 to 10.0.0.4
At time 280 created bundle with sequence number 5681 from 10.0.0.3 to 10.0.0.4
280.5 0 0 0 0 0 953.73 1054.5
280.5 0 0 28 2828 0 1053.3 952.67
280.5 0 0 56 5376 0 1100 726
280.5 0 0 0 0 0 1549.3 262.67
281.5 0 0 0 0 0 953.76 1054.1
281.5 0 0 28 2828 0 1053.3 952.67
281.5 0 0 56 5376 0 1100 726
281.5 0 0 0 0 0 1549.3 262.67
282.5 0 0 0 0 0 953.85 1053.2
282.5 0 0 28 2828 0 1053.3 952.67
282.5 0 0 56 5376 0 1100 726
282.5 0 0 0 0 0 1549.3 262.67
283.5 0 0 0 0 0 954.15 1052.5
283.5 0 0 28 2828 0 1053.3 952.67
283.5 0 0 56 5376 0 1100 726
283.5 0 0 0 0 0 1549.3 262.67
284.5 0 0 0 0 0 954.69 1052.1
284.5 0 0 28 2828 0 1053.3 952.67
284.5 0 0 56 5376 0 1100 726
284.5 0 0 0 0 0 1549.3 262.67
At time 285 created bundle with sequence number 5782 from 10.0.0.3 to 10.0.0.4
285.5 0 0 0 0 0 955.23 1051.6
285.5 0 0 28 2828 0 1053.3 952.67
285.5 0 0 57 5472 0 1100 726
285.5 0 0 0 0 0 1549.3 262.67
286.5 0 0 0 0 0 955.64 1051
286.5 0 0 28 2828 0 1053.3 952.67
286.5 0 0 57 5472 0 1100 726
286.5 0 0 0 0 0 1549.3 262.67
287.5 0 0 0 0 0 955.99 1050.3
287.5 0 0 28 2828 0 1053.3 952.67
287.5 0 0 57 5472 0 1100 726
287.5 0 0 0 0 0 1549.3 262.67
288.5 0 0 0 0 0 956.54 1049.7
288.5 0 0 28 2828 0 1053.3 952.67
288.5 0 0 57 5472 0 1100 726
288.5 0 0 0 0 0 1549.3 262.67
289.5 0 0 0 0 0 957.58 1049.2
289.5 0 0 28 2828 0 1053.3 952.67
289.5 0 0 57 5472 0 1100 726
289.5 0 0 0 0 0 1549.3 262.67
At time 290 created bundle with sequence number 5883 from 10.0.0.2 to 10.0.0.4
At time 290 created bundle with sequence number 5884 from 10.0.0.3 to 10.0.0.4
290.5 0 0 0 0 0 958.81 1048.8
290.5 0 0 29 2929 0 1053.3 952.67
290.5 0 0 58 5568 0 1100 726
290.5 0 0 0 0 0 1549.3 262.67
291.5 0 0 0 0 0 959.92 1048.9
291.5 0 0 29 2929 0 1053.3 952.67
291.5 0 0 58 5568 0 1100 726
291.5 0 0 0 0 0 1549.3 262.67
292.5 0 0 0 0 0 960.96 1049.4
292.5 0 0 29 2929 0 1053.3 952.67
292.5 0 0 58 5568 0 1100 726
292.5 0 0 0 0 0 1549.3 262.67
293.5 0 0 0 0 0 962.13 1050.1
293.5 0 0 29 2929 0 1053.3 952.67
293.5 0 0 58 5568 0 1100 726
293.5 0 0 0 0 0 1549.3 262.67
294.5 0 0 0 0 0 963.46 1050.5
294.5 0 0 29 2929 0 1053.3 952.67
294.5 0 0 58 5568 0 1100 726
294.5 0 0 0 0 0 1549.3 262.67
At time 295 created bundle with sequence number 5985 from 10.0.0.3 to 10.0.0.4
295.5 0 0 0 0 0 964.79 1050.6
295.5 0 0 29 2929 0 1053.3 952.67
295.5 0 0 59 5664 0 1100 726
295.5 0 0 0 0 0 1549.3 262.67
296.5 0 0 0 0 0 966.3 1051
296.5 0 0 29 2929 0 1053.3 952.67
296.5 0 0 59 5664 0 1100 726
296.5 0 0 0 0 0 1549.3 262.67
297.5 0 0 0 0 0 967.74 1051.7
297.5 0 0 29 2929 0 1053.3 952.67
297.5 0 0 59 5664 0 1100 726
297.5 0 0 0 0 0 1549.3 262.67
298.5 0 0 0 0 0 968.77 1052.5
298.5 0 0 29 2929 0 1053.3 952.67
298.5 0 0 59 5664 0 1100 726
298.5 0 0 0 0 0 1549.3 262.67
299.5 0 0 0 0 0 969.85 1053.1
299.5 0 0 29 2929 0 1053.3 952.67
299.5 0 0 59 5664 0 1100 726
299.5 0 0 0 0 0 1549.3 262.67
IN CHECK MATCH
MATCH; Flow index: 1 ACTION: 1
NIRETURN: 1
Successfully enqueued packet
DIRECT TO BASE
1
IN CHECK MATCH
MATCH; Flow index: 1 ACTION: 1
NIRETURN: 1
Successfully enqueued packet
DIRECT TO BASE
2
IN CHECK MATCH
MATCH; Flow index: 1 ACTION: 1
NIRETURN: 1
Successfully enqueued packet
DIRECT TO BASE
3
IN CHECK MATCH
MATCH; Flow index: 1 ACTION: 1
NIRETURN: 1
Successfully enqueued packet
DIRECT TO BASE
4
IN CHECK MATCH
MATCH; Flow index: 1 ACTION: 1
NIRETURN: 1
Successfully enqueued packet
DIRECT TO BASE
5
IN CHECK MATCH
MATCH; Flow index: 1 ACTION: 1
NIRETURN: 1
Successfully enqueued packet
DIRECT TO BASE
6
IN CHECK MATCH
MATCH; Flow index: 1 ACTION: 1
NIRETURN: 1
Successfully enqueued packet
DIRECT TO BASE
7
IN CHECK MATCH
MATCH; Flow index: 1 ACTION: 1
NIRETURN: 1
Successfully enqueued packet
DIRECT TO BASE
8
IN CHECK MATCH
MATCH; Flow index: 1 ACTION: 1
NIRETURN: 1
Successfully enqueued packet
DIRECT TO BASE
9
IN CHECK MATCH
MATCH; Flow index: 1 ACTION: 1
NIRETURN: 1
Successfully enqueued packet
DIRECT TO BASE
10
IN CHECK MATCH
MATCH; Flow index: 1 ACTION: 1
NIRETURN: 1
Successfully enqueued packet
DIRECT TO BASE
11
IN CHECK MATCH
MATCH; Flow index: 1 ACTION: 1
NIRETURN: 1
Successfully enqueued packet
DIRECT TO BASE
12
IN CHECK MATCH
MATCH; Flow index: 1 ACTION: 1
NIRETURN: 1
Successfully enqueued packet
DIRECT TO BASE
13
IN CHECK MATCH
MATCH; Flow index: 1 ACTION: 1
NIRETURN: 1
Successfully enqueued packet
DIRECT TO BASE
14
IN CHECK MATCH
MATCH; Flow index: 1 ACTION: 1
NIRETURN: 1
Successfully enqueued packet
DIRECT TO BASE
15
IN CHECK MATCH
MATCH; Flow index: 1 ACTION: 1
NIRETURN: 1
Successfully enqueued packet
DIRECT TO BASE
16
IN CHECK MATCH
MATCH; Flow index: 1 ACTION: 1
NIRETURN: 1
Successfully enqueued packet
DIRECT TO BASE
17
IN CHECK MATCH
MATCH; Flow index: 1 ACTION: 1
NIRETURN: 1
Successfully enqueued packet
DIRECT TO BASE
18
IN CHECK MATCH
MATCH; Flow index: 1 ACTION: 1
NIRETURN: 1
Successfully enqueued packet
DIRECT TO BASE
19
IN CHECK MATCH
MATCH; Flow index: 1 ACTION: 1
NIRETURN: 1
Successfully enqueued packet
DIRECT TO BASE
20
IN CHECK MATCH
MATCH; Flow index: 1 ACTION: 1
NIRETURN: 1
Successfully enqueued packet
DIRECT TO BASE
21
IN CHECK MATCH
MATCH; Flow index: 1 ACTION: 1
NIRETURN: 1
Successfully enqueued packet
DIRECT TO BASE
22
IN CHECK MATCH
MATCH; Flow index: 1 ACTION: 1
NIRETURN: 1
Successfully enqueued packet
DIRECT TO BASE
23
IN CHECK MATCH
MATCH; Flow index: 1 ACTION: 1
NIRETURN: 1
Successfully enqueued packet
DIRECT TO BASE
24
IN CHECK MATCH
MATCH; Flow index: 1 ACTION: 1
NIRETURN: 1
Successfully enqueued packet
DIRECT TO BASE
25
IN CHECK MATCH
MATCH; Flow index: 1 ACTION: 1
NIRETURN: 1
Successfully enqueued packet
DIRECT TO BASE
26
IN CHECK MATCH
MATCH; Flow index: 1 ACTION: 1
NIRETURN: 1
Successfully enqueued packet
DIRECT TO BASE
27
IN CHECK MATCH
MATCH; Flow index: 1 ACTION: 1
NIRETURN: 1
Successfully enqueued packet
DIRECT TO BASE
28
IN CHECK MATCH
MATCH; Flow index: 1 ACTION: 1
NIRETURN: 1
Successfully enqueued packet
DIRECT TO BASE
29
At time 300 created bundle with sequence number 6293 from 10.0.0.2 to 10.0.0.4
At time 300 created bundle with sequence number 6294 from 10.0.0.3 to 10.0.0.4
IN CHECK MATCH
MATCH; Flow index: 1 ACTION: 1
NIRETURN: 1
Successfully enqueued packet
DIRECT TO BASE
30
300.5 0 0 30 3030 0 971.25 1053.4
300.5 0 0 0 0 1 1053.3 952.67
300.5 0 0 60 5760 0 1100 726
300.5 0 0 0 0 0 1549.3 262.67
301.5 0 0 30 3030 0 973 1053.6
301.5 0 0 0 0 1 1053.3 952.67
301.5 0 0 60 5760 0 1100 726
301.5 0 0 0 0 0 1549.3 262.67
302.5 0 0 30 3030 0 975.09 1054.1
302.5 0 0 0 0 1 1053.3 952.67
302.5 0 0 60 5760 0 1100 726
302.5 0 0 0 0 0 1549.3 262.67
303.5 0 0 30 3030 0 977.01 1054.6
303.5 0 0 0 0 1 1053.3 952.67
303.5 0 0 60 5760 0 1100 726
303.5 0 0 0 0 0 1549.3 262.67
304.5 0 0 30 3030 0 979.01 1055
304.5 0 0 0 0 1 1053.3 952.67
304.5 0 0 60 5760 0 1100 726
304.5 0 0 0 0 0 1549.3 262.67
At time 305 created bundle with sequence number 6402 from 10.0.0.3 to 10.0.0.4
305.5 0 0 30 3030 0 981.09 1055.3
305.5 0 0 0 0 1 1053.3 952.67
305.5 0 0 61 5856 0 1100 726
305.5 0 0 0 0 0 1549.3 262.67
306.5 0 0 30 3030 0 983.01 1055.7
306.5 0 0 0 0 1 1053.3 952.67
306.5 0 0 61 5856 0 1100 726
306.5 0 0 0 0 0 1549.3 262.67
307.5 0 0 30 3030 0 984.67 1056.1
307.5 0 0 0 0 1 1053.3 952.67
307.5 0 0 61 5856 0 1100 726
307.5 0 0 0 0 0 1549.3 262.67
308.5 0 0 30 3030 0 986.51 1056.7
308.5 0 0 0 0 1 1053.3 952.67
308.5 0 0 61 5856 0 1100 726
308.5 0 0 0 0 0 1549.3 262.67
309.5 0 0 30 3030 0 987.68 1057.1
309.5 0 0 0 0 1 1053.3 952.67
309.5 0 0 61 5856 0 1100 726
309.5 0 0 0 0 0 1549.3 262.67
At time 310 created bundle with sequence number 6503 from 10.0.0.2 to 10.0.0.4
At time 310 created bundle with sequence number 6504 from 10.0.0.3 to 10.0.0.4
IN CHECK MATCH
MATCH; Flow index: 1 ACTION: 1
NIRETURN: 1
Successfully enqueued packet
DIRECT TO BASE
31
310.5 0 0 31 3131 0 988.43 1057.4
310.5 0 0 0 0 1 1053.3 952.67
310.5 0 0 62 5952 0 1100 726
310.5 0 0 0 0 0 1549.3 262.67
311.5 0 0 31 3131 0 989.43 1057.6
311.5 0 0 0 0 1 1053.3 952.67
311.5 0 0 62 5952 0 1100 726
311.5 0 0 0 0 0 1549.3 262.67
312.5 0 0 31 3131 0 989.93 1057.6
312.5 0 0 0 0 1 1053.3 952.67
312.5 0 0 62 5952 0 1100 726
312.5 0 0 0 0 0 1549.3 262.67
313.5 0 0 31 3131 0 990.33 1057.5
313.5 0 0 0 0 1 1053.3 952.67
313.5 0 0 62 5952 0 1100 726
313.5 0 0 0 0 0 1549.3 262.67
314.5 0 0 31 3131 0 990.84 1057.5
314.5 0 0 0 0 1 1053.3 952.67
314.5 0 0 62 5952 0 1100 726
314.5 0 0 0 0 0 1549.3 262.67
At time 315 created bundle with sequence number 6612 from 10.0.0.3 to 10.0.0.4
315.5 0 0 31 3131 0 991.93 1057.6
315.5 0 0 0 0 1 1053.3 952.67
315.5 0 0 63 6048 0 1100 726
315.5 0 0 0 0 0 1549.3 262.67
316.5 0 0 31 3131 0 993.27 1057.7
316.5 0 0 0 0 1 1053.3 952.67
316.5 0 0 63 6048 0 1100 726
316.5 0 0 0 0 0 1549.3 262.67
317.5 0 0 31 3131 0 994.61 1057.7
317.5 0 0 0 0 1 1053.3 952.67
317.5 0 0 63 6048 0 1100 726
317.5 0 0 0 0 0 1549.3 262.67
318.5 0 0 31 3131 0 996.11 1057.6
318.5 0 0 0 0 1 1053.3 952.67
318.5 0 0 63 6048 0 1100 726
318.5 0 0 0 0 0 1549.3 262.67
319.5 0 0 31 3131 0 998.03 1057.5
319.5 0 0 0 0 1 1053.3 952.67
319.5 0 0 63 6048 0 1100 726
319.5 0 0 0 0 0 1549.3 262.67
At time 320 created bundle with sequence number 6713 from 10.0.0.2 to 10.0.0.4
At time 320 created bundle with sequence number 6714 from 10.0.0.3 to 10.0.0.4
IN CHECK MATCH
MATCH; Flow index: 1 ACTION: 1
NIRETURN: 1
Successfully enqueued packet
DIRECT TO BASE
32
320.5 0 0 32 3232 0 999.86 1057.4
320.5 0 0 0 0 1 1053.3 952.67
320.5 0 0 64 6144 0 1100 726
320.5 0 0 0 0 0 1549.3 262.67
321.5 0 0 32 3232 0 1001.7 1057.4
321.5 0 0 0 0 1 1053.3 952.67
321.5 0 0 64 6144 0 1100 726
321.5 0 0 0 0 0 1549.3 262.67
322.5 0 0 32 3232 0 1004 1057.5
322.5 0 0 0 0 1 1053.3 952.67
322.5 0 0 64 6144 0 1100 726
322.5 0 0 0 0 0 1549.3 262.67
323.5 0 0 32 3232 0 1007 1057.2
323.5 0 0 0 0 1 1053.3 952.67
323.5 0 0 64 6144 0 1100 726
323.5 0 0 0 0 0 1549.3 262.67
324.5 0 0 32 3232 0 1010.7 1056.7
324.5 0 0 0 0 1 1053.3 952.67
324.5 0 0 64 6144 0 1100 726
324.5 0 0 0 0 0 1549.3 262.67
At time 325 created bundle with sequence number 6822 from 10.0.0.3 to 10.0.0.4
325.5 0 0 32 3232 0 1015.3 1056.1
325.5 0 0 0 0 1 1053.3 952.67
325.5 0 0 65 6240 0 1100 726
325.5 0 0 0 0 0 1549.3 262.67
326.5 0 0 32 3232 0 1020.6 1055.5
326.5 0 0 0 0 1 1053.3 952.67
326.5 0 0 65 6240 0 1100 726
326.5 0 0 0 0 0 1549.3 262.67
327.5 0 0 32 3232 0 1027 1055
327.5 0 0 0 0 1 1053.3 952.67
327.5 0 0 65 6240 0 1100 726
327.5 0 0 0 0 0 1549.3 262.67
328.5 0 0 32 3232 0 1033.6 1054.5
328.5 0 0 0 0 1 1053.3 952.67
328.5 0 0 65 6240 0 1100 726
328.5 0 0 0 0 0 1549.3 262.67
329.5 0 0 32 3232 0 1040.1 1054.2
329.5 0 0 0 0 1 1053.3 952.67
329.5 0 0 65 6240 0 1100 726
329.5 0 0 0 0 0 1549.3 262.67
At time 330 created bundle with sequence number 6923 from 10.0.0.2 to 10.0.0.4
At time 330 created bundle with sequence number 6924 from 10.0.0.3 to 10.0.0.4
IN CHECK MATCH
MATCH; Flow index: 1 ACTION: 1
NIRETURN: 1
Successfully enqueued packet
DIRECT TO BASE
33
330.5 0 0 33 3333 0 1046.5 1054.1
330.5 0 0 0 0 1 1053.3 952.67
330.5 0 0 66 6336 0 1100 726
330.5 0 0 0 0 0 1549.3 262.67
331.5 0 0 33 3333 0 1052.9 1054.2
331.5 0 0 0 0 1 1053.3 952.67
331.5 0 0 66 6336 0 1100 726
331.5 0 0 0 0 0 1549.3 262.67
332.5 0 0 33 3333 0 1059.1 1054.4
332.5 0 0 0 0 1 1053.3 952.67
332.5 0 0 66 6336 0 1100 726
332.5 0 0 0 0 0 1549.3 262.67
333.5 0 0 33 3333 0 1064.9 1054.7
333.5 0 0 0 0 1 1053.3 952.67
333.5 0 0 66 6336 0 1100 726
333.5 0 0 0 0 0 1549.3 262.67
334.5 0 0 33 3333 0 1070.1 1054.9
334.5 0 0 0 0 1 1053.3 952.67
334.5 0 0 66 6336 0 1100 726
334.5 0 0 0 0 0 1549.3 262.67
At time 335 created bundle with sequence number 7032 from 10.0.0.3 to 10.0.0.4
335.5 0 0 33 3333 0 1074.9 1054.8
335.5 0 0 0 0 1 1053.3 952.67
335.5 0 0 67 6432 0 1100 726
335.5 0 0 0 0 0 1549.3 262.67
336.5 0 0 33 3333 0 1079.3 1054.1
336.5 0 0 0 0 1 1053.3 952.67
336.5 0 0 67 6432 0 1100 726
336.5 0 0 0 0 0 1549.3 262.67
337.5 0 0 33 3333 0 1083 1052.8
337.5 0 0 0 0 1 1053.3 952.67
337.5 0 0 67 6432 0 1100 726
337.5 0 0 0 0 0 1549.3 262.67
338.5 0 0 33 3333 0 1086.3 1050.4
338.5 0 0 0 0 1 1053.3 952.67
338.5 0 0 67 6432 0 1100 726
338.5 0 0 0 0 0 1549.3 262.67
339.5 0 0 33 3333 0 1090 1045.2
339.5 0 0 0 0 1 1053.3 952.67
339.5 0 0 67 6432 0 1100 726
339.5 0 0 0 0 0 1549.3 262.67
At time 340 created bundle with sequence number 7133 from 10.0.0.2 to 10.0.0.4
At time 340 created bundle with sequence number 7134 from 10.0.0.3 to 10.0.0.4
IN CHECK MATCH
MATCH; Flow index: 1 ACTION: 1
NIRETURN: 1
Successfully enqueued packet
DIRECT TO BASE
34
340.5 0 0 34 3434 0 1092 1041.8
340.5 0 0 0 0 1 1053.3 952.67
340.5 0 0 68 6528 0 1100 726
340.5 0 0 0 0 0 1549.3 262.67
341.5 0 0 34 3434 0 1092 1041.7
341.5 0 0 0 0 1 1053.3 952.67
341.5 0 0 68 6528 0 1100 726
341.5 0 0 0 0 0 1549.3 262.67
342.5 0 0 34 3434 0 1092.1 1041.6
342.5 0 0 0 0 1 1053.3 952.67
342.5 0 0 68 6528 0 1100 726
342.5 0 0 0 0 0 1549.3 262.67
343.5 0 0 34 3434 0 1092.1 1041.5
343.5 0 0 0 0 1 1053.3 952.67
343.5 0 0 68 6528 0 1100 726
343.5 0 0 0 0 0 1549.3 262.67
344.5 0 0 34 3434 0 1092.2 1041.5
344.5 0 0 0 0 1 1053.3 952.67
344.5 0 0 68 6528 0 1100 726
344.5 0 0 0 0 0 1549.3 262.67
At time 345 created bundle with sequence number 7242 from 10.0.0.3 to 10.0.0.4
345.5 0 0 34 3434 0 1092.2 1041.4
345.5 0 0 0 0 1 1053.3 952.67
345.5 0 0 69 6624 0 1100 726
345.5 0 0 0 0 0 1549.3 262.67
346.5 0 0 34 3434 0 1092.2 1041.3
346.5 0 0 0 0 1 1053.3 952.67
346.5 0 0 69 6624 0 1100 726
346.5 0 0 0 0 0 1549.3 262.67
347.5 0 0 34 3434 0 1092.3 1041.2
347.5 0 0 0 0 1 1053.3 952.67
347.5 0 0 69 6624 0 1100 726
347.5 0 0 0 0 0 1549.3 262.67
348.5 0 0 34 3434 0 1092.3 1041.1
348.5 0 0 0 0 1 1053.3 952.67
348.5 0 0 69 6624 0 1100 726
348.5 0 0 0 0 0 1549.3 262.67
349.5 0 0 34 3434 0 1092.3 1041
349.5 0 0 0 0 1 1053.3 952.67
349.5 0 0 69 6624 0 1100 726
349.5 0 0 0 0 0 1549.3 262.67
At time 350 created bundle with sequence number 7343 from 10.0.0.2 to 10.0.0.4
At time 350 created bundle with sequence number 7344 from 10.0.0.3 to 10.0.0.4
IN CHECK MATCH
MATCH; Flow index: 1 ACTION: 1
NIRETURN: 1
Successfully enqueued packet
DIRECT TO BASE
35
350.5 0 0 35 3535 0 1092.4 1041
350.5 0 0 0 0 1 1053.3 952.67
350.5 0 0 70 6720 0 1100 726
350.5 0 0 0 0 0 1549.3 262.67
351.5 0 0 35 3535 0 1092.4 1040.9
351.5 0 0 0 0 1 1053.3 952.67
351.5 0 0 70 6720 0 1100 726
351.5 0 0 0 0 0 1549.3 262.67
352.5 0 0 35 3535 0 1092.4 1040.9
352.5 0 0 0 0 1 1053.3 952.67
352.5 0 0 70 6720 0 1100 726
352.5 0 0 0 0 0 1549.3 262.67
353.5 0 0 35 3535 0 1092.4 1040.9
353.5 0 0 0 0 1 1053.3 952.67
353.5 0 0 70 6720 0 1100 726
353.5 0 0 0 0 0 1549.3 262.67
354.5 0 0 35 3535 0 1092.4 1040.8
354.5 0 0 0 0 1 1053.3 952.67
354.5 0 0 70 6720 0 1100 726
354.5 0 0 0 0 0 1549.3 262.67
At time 355 created bundle with sequence number 7452 from 10.0.0.3 to 10.0.0.4
355.5 0 0 35 3535 0 1092.4 1040.8
355.5 0 0 0 0 1 1053.3 952.67
355.5 0 0 71 6816 0 1100 726
355.5 0 0 0 0 0 1549.3 262.67
356.5 0 0 35 3535 0 1092.5 1040.7
356.5 0 0 0 0 1 1053.3 952.67
356.5 0 0 71 6816 0 1100 726
356.5 0 0 0 0 0 1549.3 262.67
357.5 0 0 35 3535 0 1092.5 1040.7
357.5 0 0 0 0 1 1053.3 952.67
357.5 0 0 71 6816 0 1100 726
357.5 0 0 0 0 0 1549.3 262.67
358.5 0 0 35 3535 0 1092.5 1040.6
358.5 0 0 0 0 1 1053.3 952.67
358.5 0 0 71 6816 0 1100 726
358.5 0 0 0 0 0 1549.3 262.67
359.5 0 0 35 3535 0 1092.5 1040.6
359.5 0 0 0 0 1 1053.3 952.67
359.5 0 0 71 6816 0 1100 726
359.5 0 0 0 0 0 1549.3 262.67
At time 360 created bundle with sequence number 7553 from 10.0.0.2 to 10.0.0.4
At time 360 created bundle with sequence number 7554 from 10.0.0.3 to 10.0.0.4
IN CHECK MATCH
MATCH; Flow index: 1 ACTION: 1
NIRETURN: 1
Successfully enqueued packet
DIRECT TO BASE
36
360.5 0 0 36 3636 0 1092.5 1040.6
360.5 0 0 0 0 1 1053.3 952.67
360.5 0 0 72 6912 0 1100 726
360.5 0 0 0 0 0 1549.3 262.67
361.5 0 0 36 3636 0 1092.5 1040.5
361.5 0 0 0 0 1 1053.3 952.67
361.5 0 0 72 6912 0 1100 726
361.5 0 0 0 0 0 1549.3 262.67
362.5 0 0 36 3636 0 1092.6 1040.5
362.5 0 0 0 0 1 1053.3 952.67
362.5 0 0 72 6912 0 1100 726
362.5 0 0 0 0 0 1549.3 262.67
363.5 0 0 36 3636 0 1092.6 1040.4
363.5 0 0 0 0 1 1053.3 952.67
363.5 0 0 72 6912 0 1100 726
363.5 0 0 0 0 0 1549.3 262.67
364.5 0 0 36 3636 0 1092.6 1040.4
364.5 0 0 0 0 1 1053.3 952.67
364.5 0 0 72 6912 0 1100 726
364.5 0 0 0 0 0 1549.3 262.67
At time 365 created bundle with sequence number 7662 from 10.0.0.3 to 10.0.0.4
365.5 0 0 36 3636 0 1092.6 1040.3
365.5 0 0 0 0 1 1053.3 952.67
365.5 0 0 73 7008 0 1100 726
365.5 0 0 0 0 0 1549.3 262.67
366.5 0 0 36 3636 0 1092.6 1040.3
366.5 0 0 0 0 1 1053.3 952.67
366.5 0 0 73 7008 0 1100 726
366.5 0 0 0 0 0 1549.3 262.67
367.5 0 0 36 3636 0 1092.6 1040.3
367.5 0 0 0 0 1 1053.3 952.67
367.5 0 0 73 7008 0 1100 726
367.5 0 0 0 0 0 1549.3 262.67
368.5 0 0 36 3636 0 1092.7 1040.2
368.5 0 0 0 0 1 1053.3 952.67
368.5 0 0 73 7008 0 1100 726
368.5 0 0 0 0 0 1549.3 262.67
369.5 0 0 36 3636 0 1092.7 1040.2
369.5 0 0 0 0 1 1053.3 952.67
369.5 0 0 73 7008 0 1100 726
369.5 0 0 0 0 0 1549.3 262.67
At time 370 created bundle with sequence number 7763 from 10.0.0.2 to 10.0.0.4
At time 370 created bundle with sequence number 7764 from 10.0.0.3 to 10.0.0.4
IN CHECK MATCH
MATCH; Flow index: 1 ACTION: 1
NIRETURN: 1
Successfully enqueued packet
DIRECT TO BASE
37
370.5 0 0 37 3737 0 1092.7 1040.1
370.5 0 0 0 0 1 1053.3 952.67
370.5 0 0 74 7104 0 1100 726
370.5 0 0 0 0 0 1549.3 262.67
371.5 0 0 37 3737 0 1092.7 1040.1
371.5 0 0 0 0 1 1053.3 952.67
371.5 0 0 74 7104 0 1100 726
371.5 0 0 0 0 0 1549.3 262.67
372.5 0 0 37 3737 0 1092.7 1040
372.5 0 0 0 0 1 1053.3 952.67
372.5 0 0 74 7104 0 1100 726
372.5 0 0 0 0 0 1549.3 262.67
373.5 0 0 37 3737 0 1092.7 1040
373.5 0 0 0 0 1 1053.3 952.67
373.5 0 0 74 7104 0 1100 726
373.5 0 0 0 0 0 1549.3 262.67
374.5 0 0 37 3737 0 1092.8 1040
374.5 0 0 0 0 1 1053.3 952.67
374.5 0 0 74 7104 0 1100 726
374.5 0 0 0 0 0 1549.3 262.67
At time 375 created bundle with sequence number 7872 from 10.0.0.3 to 10.0.0.4
375.5 0 0 37 3737 0 1092.8 1039.9
375.5 0 0 0 0 1 1053.3 952.67
375.5 0 0 75 7200 0 1100 726
375.5 0 0 0 0 0 1549.3 262.67
376.5 0 0 37 3737 0 1092.8 1039.9
376.5 0 0 0 0 1 1053.3 952.67
376.5 0 0 75 7200 0 1100 726
376.5 0 0 0 0 0 1549.3 262.67
377.5 0 0 37 3737 0 1092.8 1039.8
377.5 0 0 0 0 1 1053.3 952.67
377.5 0 0 75 7200 0 1100 726
377.5 0 0 0 0 0 1549.3 262.67
378.5 0 0 37 3737 0 1092.8 1039.8
378.5 0 0 0 0 1 1053.3 952.67
378.5 0 0 75 7200 0 1100 726
378.5 0 0 0 0 0 1549.3 262.67
379.5 0 0 37 3737 0 1092.8 1039.8
379.5 0 0 0 0 1 1053.3 952.67
379.5 0 0 75 7200 0 1100 726
379.5 0 0 0 0 0 1549.3 262.67
At time 380 created bundle with sequence number 7973 from 10.0.0.2 to 10.0.0.4
At time 380 created bundle with sequence number 7974 from 10.0.0.3 to 10.0.0.4
IN CHECK MATCH
MATCH; Flow index: 1 ACTION: 1
NIRETURN: 1
Successfully enqueued packet
DIRECT TO BASE
38
380.5 0 0 38 3838 0 1092.8 1039.7
380.5 0 0 0 0 1 1053.3 952.67
380.5 0 0 76 7296 0 1100 726
380.5 0 0 0 0 0 1549.3 262.67
381.5 0 0 38 3838 0 1093.3 1037.9
381.5 0 0 0 0 1 1053.3 952.67
381.5 0 0 76 7296 0 1100 726
381.5 0 0 0 0 0 1549.3 262.67
382.5 0 0 38 3838 0 1093.8 1034.1
382.5 0 0 0 0 1 1053.3 952.67
382.5 0 0 76 7296 0 1100 726
382.5 0 0 0 0 0 1549.3 262.67
383.5 0 0 38 3838 0 1093.7 1030
383.5 0 0 0 0 1 1053.3 952.67
383.5 0 0 76 7296 0 1100 726
383.5 0 0 0 0 0 1549.3 262.67
384.5 0 0 38 3838 0 1093.8 1025.9
384.5 0 0 0 0 1 1053.3 952.67
384.5 0 0 76 7296 0 1100 726
384.5 0 0 0 0 0 1549.3 262.67
At time 385 created bundle with sequence number 8082 from 10.0.0.3 to 10.0.0.4
385.5 0 0 38 3838 0 1094 1023.2
385.5 0 0 0 0 1 1053.3 952.67
385.5 0 0 77 7392 0 1100 726
385.5 0 0 0 0 0 1549.3 262.67
386.5 0 0 38 3838 0 1094.3 1021.6
386.5 0 0 0 0 1 1053.3 952.67
386.5 0 0 77 7392 0 1100 726
386.5 0 0 0 0 0 1549.3 262.67
387.5 0 0 38 3838 0 1094.9 1018.9
387.5 0 0 0 0 1 1053.3 952.67
387.5 0 0 77 7392 0 1100 726
387.5 0 0 0 0 0 1549.3 262.67
388.5 0 0 38 3838 0 1095.9 1015.3
388.5 0 0 0 0 1 1053.3 952.67
388.5 0 0 77 7392 0 1100 726
388.5 0 0 0 0 0 1549.3 262.67
389.5 0 0 38 3838 0 1096.7 1011
389.5 0 0 0 0 1 1053.3 952.67
389.5 0 0 77 7392 0 1100 726
389.5 0 0 0 0 0 1549.3 262.67
At time 390 created bundle with sequence number 8183 from 10.0.0.2 to 10.0.0.4
At time 390 created bundle with sequence number 8184 from 10.0.0.3 to 10.0.0.4
IN CHECK MATCH
MATCH; Flow index: 1 ACTION: 1
NIRETURN: 1
Successfully enqueued packet
DIRECT TO BASE
39
390.5 0 0 39 3939 0 1096.9 1005.6
390.5 0 0 0 0 1 1053.3 952.67
390.5 0 0 78 7488 0 1100 726
390.5 0 0 0 0 0 1549.3 262.67
391.5 0 0 39 3939 0 1096.7 1000.1
391.5 0 0 0 0 1 1053.3 952.67
391.5 0 0 78 7488 0 1100 726
391.5 0 0 0 0 0 1549.3 262.67
392.5 0 0 39 3939 0 1096.7 995.1
392.5 0 0 0 0 1 1053.3 952.67
392.5 0 0 78 7488 0 1100 726
392.5 0 0 0 0 0 1549.3 262.67
393.5 0 0 39 3939 0 1097.4 990.72
393.5 0 0 0 0 1 1053.3 952.67
393.5 0 0 78 7488 0 1100 726
393.5 0 0 0 0 0 1549.3 262.67
394.5 0 0 39 3939 0 1098.1 986.02
394.5 0 0 0 0 1 1053.3 952.67
394.5 0 0 78 7488 0 1100 726
394.5 0 0 0 0 0 1549.3 262.67
At time 395 created bundle with sequence number 8292 from 10.0.0.3 to 10.0.0.4
395.5 0 0 39 3939 0 1098.3 980.94
395.5 0 0 0 0 1 1053.3 952.67
395.5 0 0 79 7584 0 1100 726
395.5 0 0 0 0 0 1549.3 262.67
396.5 0 0 39 3939 0 1099 976.15
396.5 0 0 0 0 1 1053.3 952.67
396.5 0 0 79 7584 0 1100 726
396.5 0 0 0 0 0 1549.3 262.67
397.5 0 0 39 3939 0 1099.8 971.38
397.5 0 0 0 0 1 1053.3 952.67
397.5 0 0 79 7584 0 1100 726
397.5 0 0 0 0 0 1549.3 262.67
398.5 0 0 39 3939 0 1100.2 966.72
398.5 0 0 0 0 1 1053.3 952.67
398.5 0 0 79 7584 0 1100 726
398.5 0 0 0 0 0 1549.3 262.67
399.5 0 0 39 3939 0 1100.4 961.89
399.5 0 0 0 0 1 1053.3 952.67
399.5 0 0 79 7584 0 1100 726
399.5 0 0 0 0 0 1549.3 262.67
At time 400 created bundle with sequence number 8393 from 10.0.0.2 to 10.0.0.4
At time 400 created bundle with sequence number 8394 from 10.0.0.3 to 10.0.0.4
IN CHECK MATCH
MATCH; Flow index: 1 ACTION: 1
NIRETURN: 1
Successfully enqueued packet
DIRECT TO BASE
40
400.5 0 0 40 4040 0 1100.7 956.72
400.5 0 0 0 0 1 1053.3 952.67
400.5 0 0 80 7680 0 1100 726
400.5 0 0 0 0 0 1549.3 262.67
401.5 0 0 40 4040 0 1100.7 951.8
401.5 0 0 0 0 1 1053.3 952.67
401.5 0 0 80 7680 0 1100 726
401.5 0 0 0 0 0 1549.3 262.67
402.5 0 0 40 4040 0 1100.6 947.3
402.5 0 0 0 0 1 1053.3 952.67
402.5 0 0 80 7680 0 1100 726
402.5 0 0 0 0 0 1549.3 262.67
403.5 0 0 40 4040 0 1100.6 943.22
403.5 0 0 0 0 1 1053.3 952.67
403.5 0 0 80 7680 0 1100 726
403.5 0 0 0 0 0 1549.3 262.67
404.5 0 0 40 4040 0 1100.7 939.46
404.5 0 0 0 0 1 1053.3 952.67
404.5 0 0 80 7680 0 1100 726
404.5 0 0 0 0 0 1549.3 262.67
At time 405 created bundle with sequence number 8502 from 10.0.0.3 to 10.0.0.4
405.5 0 0 40 4040 0 1100.7 936.29
405.5 0 0 0 0 1 1053.3 952.67
405.5 0 0 81 7776 0 1100 726
405.5 0 0 0 0 0 1549.3 262.67
406.5 0 0 40 4040 0 1100.5 934.12
406.5 0 0 0 0 1 1053.3 952.67
406.5 0 0 81 7776 0 1100 726
406.5 0 0 0 0 0 1549.3 262.67
407.5 0 0 40 4040 0 1100.5 932.93
407.5 0 0 0 0 1 1053.3 952.67
407.5 0 0 81 7776 0 1100 726
407.5 0 0 0 0 0 1549.3 262.67
408.5 0 0 40 4040 0 1102 932.81
408.5 0 0 0 0 1 1053.3 952.67
408.5 0 0 81 7776 0 1100 726
408.5 0 0 0 0 0 1549.3 262.67
409.5 0 0 40 4040 0 1103.7 932.83
409.5 0 0 0 0 1 1053.3 952.67
409.5 0 0 81 7776 0 1100 726
409.5 0 0 0 0 0 1549.3 262.67
At time 410 created bundle with sequence number 8603 from 10.0.0.2 to 10.0.0.4
At time 410 created bundle with sequence number 8604 from 10.0.0.3 to 10.0.0.4
IN CHECK MATCH
MATCH; Flow index: 1 ACTION: 1
NIRETURN: 1
Successfully enqueued packet
DIRECT TO BASE
41
410.5 0 0 41 4141 0 1104.2 932.58
410.5 0 0 0 0 1 1053.3 952.67
410.5 0 0 82 7872 0 1100 726
410.5 0 0 0 0 0 1549.3 262.67
411.5 0 0 41 4141 0 1104.7 932.75
411.5 0 0 0 0 1 1053.3 952.67
411.5 0 0 82 7872 0 1100 726
411.5 0 0 0 0 0 1549.3 262.67
412.5 0 0 41 4141 0 1105.2 932.83
412.5 0 0 0 0 1 1053.3 952.67
412.5 0 0 82 7872 0 1100 726
412.5 0 0 0 0 0 1549.3 262.67
413.5 0 0 41 4141 0 1105.5 932.58
413.5 0 0 0 0 1 1053.3 952.67
413.5 0 0 82 7872 0 1100 726
413.5 0 0 0 0 0 1549.3 262.67
414.5 0 0 41 4141 0 1105.8 932.42
414.5 0 0 0 0 1 1053.3 952.67
414.5 0 0 82 7872 0 1100 726
414.5 0 0 0 0 0 1549.3 262.67
At time 415 created bundle with sequence number 8712 from 10.0.0.3 to 10.0.0.4
415.5 0 0 41 4141 0 1106.2 932.08
415.5 0 0 0 0 1 1053.3 952.67
415.5 0 0 83 7968 0 1100 726
415.5 0 0 0 0 0 1549.3 262.67
416.5 0 0 41 4141 0 1106.4 931.5
416.5 0 0 0 0 1 1053.3 952.67
416.5 0 0 83 7968 0 1100 726
416.5 0 0 0 0 0 1549.3 262.67
417.5 0 0 41 4141 0 1106.4 930.33
417.5 0 0 0 0 1 1053.3 952.67
417.5 0 0 83 7968 0 1100 726
417.5 0 0 0 0 0 1549.3 262.67
418.5 0 0 41 4141 0 1106.3 929
418.5 0 0 0 0 1 1053.3 952.67
418.5 0 0 83 7968 0 1100 726
418.5 0 0 0 0 0 1549.3 262.67
419.5 0 0 41 4141 0 1106.4 927.92
419.5 0 0 0 0 1 1053.3 952.67
419.5 0 0 83 7968 0 1100 726
419.5 0 0 0 0 0 1549.3 262.67
At time 420 created bundle with sequence number 8813 from 10.0.0.2 to 10.0.0.4
At time 420 created bundle with sequence number 8814 from 10.0.0.3 to 10.0.0.4
IN CHECK MATCH
MATCH; Flow index: 1 ACTION: 1
NIRETURN: 1
Successfully enqueued packet
DIRECT TO BASE
42
420.5 0 0 42 4242 0 1106.5 927.04
420.5 0 0 0 0 1 1053.3 952.67
420.5 0 0 84 8064 0 1100 726
420.5 0 0 0 0 0 1549.3 262.67
421.5 0 0 42 4242 0 1106.5 926.75
421.5 0 0 0 0 1 1053.3 952.67
421.5 0 0 84 8064 0 1100 726
421.5 0 0 0 0 0 1549.3 262.67
422.5 0 0 42 4242 0 1106.2 925.65
422.5 0 0 0 0 1 1053.3 952.67
422.5 0 0 84 8064 0 1100 726
422.5 0 0 0 0 0 1549.3 262.67
423.5 0 0 42 4242 0 1105.6 923.53
423.5 0 0 0 0 1 1053.3 952.67
423.5 0 0 84 8064 0 1100 726
423.5 0 0 0 0 0 1549.3 262.67
424.5 0 0 42 4242 0 1105 921.61
424.5 0 0 0 0 1 1053.3 952.67
424.5 0 0 84 8064 0 1100 726
424.5 0 0 0 0 0 1549.3 262.67
At time 425 created bundle with sequence number 8922 from 10.0.0.3 to 10.0.0.4
425.5 0 0 42 4242 0 1104.6 919.71
425.5 0 0 0 0 1 1053.3 952.67
425.5 0 0 85 8160 0 1100 726
425.5 0 0 0 0 0 1549.3 262.67
426.5 0 0 42 4242 0 1104.3 917.79
426.5 0 0 0 0 1 1053.3 952.67
426.5 0 0 85 8160 0 1100 726
426.5 0 0 0 0 0 1549.3 262.67
427.5 0 0 42 4242 0 1103.9 915.87
427.5 0 0 0 0 1 1053.3 952.67
427.5 0 0 85 8160 0 1100 726
427.5 0 0 0 0 0 1549.3 262.67
428.5 0 0 42 4242 0 1103.7 913.96
428.5 0 0 0 0 1 1053.3 952.67
428.5 0 0 85 8160 0 1100 726
428.5 0 0 0 0 0 1549.3 262.67
429.5 0 0 42 4242 0 1103.4 912.13
429.5 0 0 0 0 1 1053.3 952.67
429.5 0 0 85 8160 0 1100 726
429.5 0 0 0 0 0 1549.3 262.67
At time 430 created bundle with sequence number 9023 from 10.0.0.2 to 10.0.0.4
At time 430 created bundle with sequence number 9024 from 10.0.0.3 to 10.0.0.4
IN CHECK MATCH
MATCH; Flow index: 1 ACTION: 1
NIRETURN: 1
Successfully enqueued packet
DIRECT TO BASE
43
430.5 0 0 43 4343 0 1103.2 910.46
430.5 0 0 0 0 1 1053.3 952.67
430.5 0 0 86 8256 0 1100 726
430.5 0 0 0 0 0 1549.3 262.67
431.5 0 0 43 4343 0 1103.2 908.87
431.5 0 0 0 0 1 1053.3 952.67
431.5 0 0 86 8256 0 1100 726
431.5 0 0 0 0 0 1549.3 262.67
432.5 0 0 43 4343 0 1103.1 907.21
432.5 0 0 0 0 1 1053.3 952.67
432.5 0 0 86 8256 0 1100 726
432.5 0 0 0 0 0 1549.3 262.67
433.5 0 0 43 4343 0 1103.1 905.54
433.5 0 0 0 0 1 1053.3 952.67
433.5 0 0 86 8256 0 1100 726
433.5 0 0 0 0 0 1549.3 262.67
434.5 0 0 43 4343 0 1103.2 903.95
434.5 0 0 0 0 1 1053.3 952.67
434.5 0 0 86 8256 0 1100 726
434.5 0 0 0 0 0 1549.3 262.67
At time 435 created bundle with sequence number 9132 from 10.0.0.3 to 10.0.0.4
435.5 0 0 43 4343 0 1103.3 902.11
435.5 0 0 0 0 1 1053.3 952.67
435.5 0 0 87 8352 0 1100 726
435.5 0 0 0 0 0 1549.3 262.67
436.5 0 0 43 4343 0 1103.4 900.03
436.5 0 0 0 0 1 1053.3 952.67
436.5 0 0 87 8352 0 1100 726
436.5 0 0 0 0 0 1549.3 262.67
437.5 0 0 43 4343 0 1103.7 898.01
437.5 0 0 0 0 1 1053.3 952.67
437.5 0 0 87 8352 0 1100 726
437.5 0 0 0 0 0 1549.3 262.67
438.5 0 0 43 4343 0 1104.3 896
438.5 0 0 0 0 1 1053.3 952.67
438.5 0 0 87 8352 0 1100 726
438.5 0 0 0 0 0 1549.3 262.67
439.5 0 0 43 4343 0 1104.7 894.79
439.5 0 0 0 0 1 1053.3 952.67
439.5 0 0 87 8352 0 1100 726
439.5 0 0 0 0 0 1549.3 262.67
At time 440 created bundle with sequence number 9233 from 10.0.0.2 to 10.0.0.4
At time 440 created bundle with sequence number 9234 from 10.0.0.3 to 10.0.0.4
IN CHECK MATCH
MATCH; Flow index: 1 ACTION: 1
NIRETURN: 1
Successfully enqueued packet
DIRECT TO BASE
44
440.5 0 0 44 4444 0 1104.8 894.58
440.5 0 0 0 0 1 1053.3 952.67
440.5 0 0 88 8448 0 1100 726
440.5 0 0 0 0 0 1549.3 262.67
441.5 0 0 44 4444 0 1104.8 894.58
441.5 0 0 0 0 1 1053.3 952.67
441.5 0 0 88 8448 0 1100 726
441.5 0 0 0 0 0 1549.3 262.67
442.5 0 0 44 4444 0 1104.8 894.57
442.5 0 0 0 0 1 1053.3 952.67
442.5 0 0 88 8448 0 1100 726
442.5 0 0 0 0 0 1549.3 262.67
443.5 0 0 44 4444 0 1104.8 894.57
443.5 0 0 0 0 1 1053.3 952.67
443.5 0 0 88 8448 0 1100 726
443.5 0 0 0 0 0 1549.3 262.67
444.5 0 0 44 4444 0 1104.8 894.56
444.5 0 0 0 0 1 1053.3 952.67
444.5 0 0 88 8448 0 1100 726
444.5 0 0 0 0 0 1549.3 262.67
At time 445 created bundle with sequence number 9342 from 10.0.0.3 to 10.0.0.4
445.5 0 0 44 4444 0 1104.8 894.55
445.5 0 0 0 0 1 1053.3 952.67
445.5 0 0 89 8544 0 1100 726
445.5 0 0 0 0 0 1549.3 262.67
446.5 0 0 44 4444 0 1104.8 894.55
446.5 0 0 0 0 1 1053.3 952.67
446.5 0 0 89 8544 0 1100 726
446.5 0 0 0 0 0 1549.3 262.67
447.5 0 0 44 4444 0 1104.8 894.54
447.5 0 0 0 0 1 1053.3 952.67
447.5 0 0 89 8544 0 1100 726
447.5 0 0 0 0 0 1549.3 262.67
448.5 0 0 44 4444 0 1104.8 894.54
448.5 0 0 0 0 1 1053.3 952.67
448.5 0 0 89 8544 0 1100 726
448.5 0 0 0 0 0 1549.3 262.67
449.5 0 0 44 4444 0 1104.8 894.53
449.5 0 0 0 0 1 1053.3 952.67
449.5 0 0 89 8544 0 1100 726
449.5 0 0 0 0 0 1549.3 262.67
At time 450 created bundle with sequence number 9443 from 10.0.0.2 to 10.0.0.4
At time 450 created bundle with sequence number 9444 from 10.0.0.3 to 10.0.0.4
IN CHECK MATCH
MATCH; Flow index: 1 ACTION: 1
NIRETURN: 1
Successfully enqueued packet
DIRECT TO BASE
45
450.5 0 0 45 4545 0 1104.8 894.52
450.5 0 0 0 0 1 1053.3 952.67
450.5 0 0 90 8640 0 1100 726
450.5 0 0 0 0 0 1549.3 262.67
451.5 0 0 45 4545 0 1104.8 894.52
451.5 0 0 0 0 1 1053.3 952.67
451.5 0 0 90 8640 0 1100 726
451.5 0 0 0 0 0 1549.3 262.67
452.5 0 0 45 4545 0 1104.8 894.51
452.5 0 0 0 0 1 1053.3 952.67
452.5 0 0 90 8640 0 1100 726
452.5 0 0 0 0 0 1549.3 262.67
453.5 0 0 45 4545 0 1104.8 894.51
453.5 0 0 0 0 1 1053.3 952.67
453.5 0 0 90 8640 0 1100 726
453.5 0 0 0 0 0 1549.3 262.67
454.5 0 0 45 4545 0 1104.8 894.5
454.5 0 0 0 0 1 1053.3 952.67
454.5 0 0 90 8640 0 1100 726
454.5 0 0 0 0 0 1549.3 262.67
At time 455 created bundle with sequence number 9552 from 10.0.0.3 to 10.0.0.4
455.5 0 0 45 4545 0 1104.8 894.5
455.5 0 0 0 0 1 1053.3 952.67
455.5 0 0 91 8736 0 1100 726
455.5 0 0 0 0 0 1549.3 262.67
456.5 0 0 45 4545 0 1104.9 894.49
456.5 0 0 0 0 1 1053.3 952.67
456.5 0 0 91 8736 0 1100 726
456.5 0 0 0 0 0 1549.3 262.67
457.5 0 0 45 4545 0 1104.9 894.48
457.5 0 0 0 0 1 1053.3 952.67
457.5 0 0 91 8736 0 1100 726
457.5 0 0 0 0 0 1549.3 262.67
458.5 0 0 45 4545 0 1104.9 894.48
458.5 0 0 0 0 1 1053.3 952.67
458.5 0 0 91 8736 0 1100 726
458.5 0 0 0 0 0 1549.3 262.67
459.5 0 0 45 4545 0 1104.9 894.47
459.5 0 0 0 0 1 1053.3 952.67
459.5 0 0 91 8736 0 1100 726
459.5 0 0 0 0 0 1549.3 262.67
At time 460 created bundle with sequence number 9653 from 10.0.0.2 to 10.0.0.4
At time 460 created bundle with sequence number 9654 from 10.0.0.3 to 10.0.0.4
IN CHECK MATCH
MATCH; Flow index: 1 ACTION: 1
NIRETURN: 1
Successfully enqueued packet
DIRECT TO BASE
46
460.5 0 0 46 4646 0 1104.9 894.47
460.5 0 0 0 0 1 1053.3 952.67
460.5 0 0 92 8832 0 1100 726
460.5 0 0 0 0 0 1549.3 262.67
461.5 0 0 46 4646 0 1104.9 894.46
461.5 0 0 0 0 1 1053.3 952.67
461.5 0 0 92 8832 0 1100 726
461.5 0 0 0 0 0 1549.3 262.67
462.5 0 0 46 4646 0 1104.9 894.45
462.5 0 0 0 0 1 1053.3 952.67
462.5 0 0 92 8832 0 1100 726
462.5 0 0 0 0 0 1549.3 262.67
463.5 0 0 46 4646 0 1104.9 894.45
463.5 0 0 0 0 1 1053.3 952.67
463.5 0 0 92 8832 0 1100 726
463.5 0 0 0 0 0 1549.3 262.67
464.5 0 0 46 4646 0 1104.9 894.44
464.5 0 0 0 0 1 1053.3 952.67
464.5 0 0 92 8832 0 1100 726
464.5 0 0 0 0 0 1549.3 262.67
At time 465 created bundle with sequence number 9762 from 10.0.0.3 to 10.0.0.4
465.5 0 0 46 4646 0 1104.9 894.44
465.5 0 0 0 0 1 1053.3 952.67
465.5 0 0 93 8928 0 1100 726
465.5 0 0 0 0 0 1549.3 262.67
466.5 0 0 46 4646 0 1104.9 894.43
466.5 0 0 0 0 1 1053.3 952.67
466.5 0 0 93 8928 0 1100 726
466.5 0 0 0 0 0 1549.3 262.67
467.5 0 0 46 4646 0 1104.9 894.42
467.5 0 0 0 0 1 1053.3 952.67
467.5 0 0 93 8928 0 1100 726
467.5 0 0 0 0 0 1549.3 262.67
468.5 0 0 46 4646 0 1104.9 894.42
468.5 0 0 0 0 1 1053.3 952.67
468.5 0 0 93 8928 0 1100 726
468.5 0 0 0 0 0 1549.3 262.67
469.5 0 0 46 4646 0 1104.9 894.41
469.5 0 0 0 0 1 1053.3 952.67
469.5 0 0 93 8928 0 1100 726
469.5 0 0 0 0 0 1549.3 262.67
At time 470 created bundle with sequence number 9863 from 10.0.0.2 to 10.0.0.4
At time 470 created bundle with sequence number 9864 from 10.0.0.3 to 10.0.0.4
IN CHECK MATCH
MATCH; Flow index: 1 ACTION: 1
NIRETURN: 1
Successfully enqueued packet
DIRECT TO BASE
47
470.5 0 0 47 4747 0 1104.9 894.41
470.5 0 0 0 0 1 1053.3 952.67
470.5 0 0 94 9024 0 1100 726
470.5 0 0 0 0 0 1549.3 262.67
471.5 0 0 47 4747 0 1104.9 894.4
471.5 0 0 0 0 1 1053.3 952.67
471.5 0 0 94 9024 0 1100 726
471.5 0 0 0 0 0 1549.3 262.67
472.5 0 0 47 4747 0 1104.9 894.4
472.5 0 0 0 0 1 1053.3 952.67
472.5 0 0 94 9024 0 1100 726
472.5 0 0 0 0 0 1549.3 262.67
473.5 0 0 47 4747 0 1104.9 894.39
473.5 0 0 0 0 1 1053.3 952.67
473.5 0 0 94 9024 0 1100 726
473.5 0 0 0 0 0 1549.3 262.67
474.5 0 0 47 4747 0 1105 894.38
474.5 0 0 0 0 1 1053.3 952.67
474.5 0 0 94 9024 0 1100 726
474.5 0 0 0 0 0 1549.3 262.67
At time 475 created bundle with sequence number 9972 from 10.0.0.3 to 10.0.0.4
475.5 0 0 47 4747 0 1105 894.38
475.5 0 0 0 0 1 1053.3 952.67
475.5 0 0 95 9120 0 1100 726
475.5 0 0 0 0 0 1549.3 262.67
476.5 0 0 47 4747 0 1105 894.37
476.5 0 0 0 0 1 1053.3 952.67
476.5 0 0 95 9120 0 1100 726
476.5 0 0 0 0 0 1549.3 262.67
477.5 0 0 47 4747 0 1105 894.37
477.5 0 0 0 0 1 1053.3 952.67
477.5 0 0 95 9120 0 1100 726
477.5 0 0 0 0 0 1549.3 262.67
478.5 0 0 47 4747 0 1105 894.36
478.5 0 0 0 0 1 1053.3 952.67
478.5 0 0 95 9120 0 1100 726
478.5 0 0 0 0 0 1549.3 262.67
479.5 0 0 47 4747 0 1105 894.36
479.5 0 0 0 0 1 1053.3 952.67
479.5 0 0 95 9120 0 1100 726
479.5 0 0 0 0 0 1549.3 262.67
At time 480 created bundle with sequence number 10073 from 10.0.0.2 to 10.0.0.4
At time 480 created bundle with sequence number 10074 from 10.0.0.3 to 10.0.0.4
IN CHECK MATCH
MATCH; Flow index: 1 ACTION: 1
NIRETURN: 1
Successfully enqueued packet
DIRECT TO BASE
48
480.5 0 0 48 4848 0 1105 894.35
480.5 0 0 0 0 1 1053.3 952.67
480.5 0 0 96 9216 0 1100 726
480.5 0 0 0 0 0 1549.3 262.67
481.5 0 0 48 4848 0 1105.1 894.32
481.5 0 0 0 0 1 1053.3 952.67
481.5 0 0 96 9216 0 1100 726
481.5 0 0 0 0 0 1549.3 262.67
482.5 0 0 48 4848 0 1105.2 894.04
482.5 0 0 0 0 1 1053.3 952.67
482.5 0 0 96 9216 0 1100 726
482.5 0 0 0 0 0 1549.3 262.67
483.5 0 0 48 4848 0 1105.1 893.27
483.5 0 0 0 0 1 1053.3 952.67
483.5 0 0 96 9216 0 1100 726
483.5 0 0 0 0 0 1549.3 262.67
484.5 0 0 48 4848 0 1103.6 892.3
484.5 0 0 0 0 1 1053.3 952.67
484.5 0 0 96 9216 0 1100 726
484.5 0 0 0 0 0 1549.3 262.67
At time 485 created bundle with sequence number 10182 from 10.0.0.3 to 10.0.0.4
485.5 0 0 48 4848 0 1102.1 891.28
485.5 0 0 0 0 1 1053.3 952.67
485.5 0 0 97 9312 0 1100 726
485.5 0 0 0 0 0 1549.3 262.67
486.5 0 0 48 4848 0 1101.4 890.2
486.5 0 0 0 0 1 1053.3 952.67
486.5 0 0 97 9312 0 1100 726
486.5 0 0 0 0 0 1549.3 262.67
487.5 0 0 48 4848 0 1100.9 889.33
487.5 0 0 0 0 1 1053.3 952.67
487.5 0 0 97 9312 0 1100 726
487.5 0 0 0 0 0 1549.3 262.67
488.5 0 0 48 4848 0 1100.7 888.92
488.5 0 0 0 0 1 1053.3 952.67
488.5 0 0 97 9312 0 1100 726
488.5 0 0 0 0 0 1549.3 262.67
489.5 0 0 48 4848 0 1100.5 887.92
489.5 0 0 0 0 1 1053.3 952.67
489.5 0 0 97 9312 0 1100 726
489.5 0 0 0 0 0 1549.3 262.67
At time 490 created bundle with sequence number 10283 from 10.0.0.2 to 10.0.0.4
At time 490 created bundle with sequence number 10284 from 10.0.0.3 to 10.0.0.4
IN CHECK MATCH
MATCH; Flow index: 1 ACTION: 1
NIRETURN: 1
Successfully enqueued packet
DIRECT TO BASE
49
490.5 0 0 49 4949 0 1099.9 885.92
490.5 0 0 0 0 1 1053.3 952.67
490.5 0 0 98 9408 0 1100 726
490.5 0 0 0 0 0 1549.3 262.67
491.5 0 0 49 4949 0 1099.2 883.34
491.5 0 0 0 0 1 1053.3 952.67
491.5 0 0 98 9408 0 1100 726
491.5 0 0 0 0 0 1549.3 262.67
492.5 0 0 49 4949 0 1098.6 881.09
492.5 0 0 0 0 1 1053.3 952.67
492.5 0 0 98 9408 0 1100 726
492.5 0 0 0 0 0 1549.3 262.67
493.5 0 0 49 4949 0 1098.4 880.25
493.5 0 0 0 0 1 1053.3 952.67
493.5 0 0 98 9408 0 1100 726
493.5 0 0 0 0 0 1549.3 262.67
494.5 0 0 49 4949 0 1098.3 879.66
494.5 0 0 0 0 1 1053.3 952.67
494.5 0 0 98 9408 0 1100 726
494.5 0 0 0 0 0 1549.3 262.67
At time 495 created bundle with sequence number 10392 from 10.0.0.3 to 10.0.0.4
495.5 0 0 49 4949 0 1098.3 878.9
495.5 0 0 0 0 1 1053.3 952.67
495.5 0 0 99 9504 0 1100 726
495.5 0 0 0 0 0 1549.3 262.67
496.5 0 0 49 4949 0 1098.3 878.38
496.5 0 0 0 0 1 1053.3 952.67
496.5 0 0 99 9504 0 1100 726
496.5 0 0 0 0 0 1549.3 262.67
497.5 0 0 49 4949 0 1098.2 877.86
497.5 0 0 0 0 1 1053.3 952.67
497.5 0 0 99 9504 0 1100 726
497.5 0 0 0 0 0 1549.3 262.67
498.5 0 0 49 4949 0 1098.1 877.18
498.5 0 0 0 0 1 1053.3 952.67
498.5 0 0 99 9504 0 1100 726
498.5 0 0 0 0 0 1549.3 262.67
499.5 0 0 49 4949 0 1098.2 876.67
499.5 0 0 0 0 1 1053.3 952.67
499.5 0 0 99 9504 0 1100 726
499.5 0 0 0 0 0 1549.3 262.67
At time 500 created bundle with sequence number 10493 from 10.0.0.2 to 10.0.0.4
At time 500 cre