\documentclass{article}
\usepackage[paperwidth=8.5in,paperheight=2.5in,left=0.4in, right=0.4in,top=0in,bottom=0in]{geometry}
\thispagestyle{empty}
\usepackage[utf8]{inputenc}
\usepackage{textcomp}
\usepackage{subcaption}
\usepackage{pgfplots}
\pgfplotsset{compat=1.15}

\definecolor{L4}{RGB}{189,189,189}
\definecolor{L3}{RGB}{150,150,150}
\definecolor{L2}{RGB}{99,99,99}
\definecolor{L1}{RGB}{0,0,0}

\begin{document}


\begin{figure}
\begin{center}
%\caption{A figure with two subfigures}
\ref{legendName}\
\end{center}
\begin{subfigure}{0.25\linewidth}
\begin{tikzpicture}[xscale=0.56, yscale=0.56]
\begin{axis}[
    title={Data Sequence Number x Delay},
    xlabel={Data Sequence Number},
    ylabel={Delay},
    mark=*,
    legend to name=legendName,
]
\legend{LEGEND}
\addplot [L1, only marks, mark=o]
coordinates{
(0.0,18.011)(1.0,17.011)(2.0,16.011)(3.0,15.011)(4.0,14.011)(5.0,15.011)(6.0,14.011)(7.0,13.011)(8.0,12.011)(9.0,11.011)(10.0,12.011)(11.0,11.011)(12.0,10.011)(13.0,9.011)(14.0,8.011)(15.0,9.011)(16.0,8.011)(17.0,7.011)(18.0,6.011)(19.0,5.011)(20.0,112.61)(21.0,111.61)(22.0,110.61)(23.0,109.61)(24.0,108.61)(25.0,109.61)(26.0,108.61)(27.0,107.61)(28.0,106.61)(29.0,105.61)(30.0,106.61)(31.0,105.61)(32.0,104.61)(33.0,103.61)(34.0,102.61)(35.0,103.61)(36.0,102.61)(37.0,101.61)(38.0,100.61)(39.0,99.61)(40.0,100.61)(41.0,99.61)(42.0,98.61)(43.0,97.61)(44.0,96.61)(45.0,97.61)(46.0,96.61)(47.0,95.61)(48.0,94.61)(49.0,93.61)(50.0,94.61)(51.0,93.61)(52.0,92.61)(53.0,91.61)(54.0,90.61)(55.0,91.61)(56.0,90.61)(57.0,89.61)(58.0,88.61)(59.0,87.61)(60.0,88.61)(61.0,87.61)(62.0,86.61)(63.0,85.61)(64.0,84.61)(65.0,85.61)(66.0,84.61)(67.0,83.61)(68.0,82.61)(69.0,81.61)(70.0,82.61)(71.0,81.61)(72.0,80.61)(73.0,79.61)(74.0,78.61)(75.0,79.61)(76.0,78.61)(77.0,77.61)(78.0,76.61)(79.0,75.61)(80.0,76.61)(81.0,75.61)(82.0,74.61)(83.0,73.61)(84.0,72.61)(85.0,73.61)(86.0,72.61)(87.0,71.61)(88.0,70.61)(89.0,69.61)(90.0,70.61)(91.0,69.61)(92.0,68.61)(93.0,67.61)(94.0,66.61)(95.0,67.61)(96.0,66.61)(97.0,65.61)(98.0,64.61)(99.0,63.61)(100.0,64.61)(101.0,63.61)(102.0,62.61)(103.0,61.61)(104.0,60.61)(105.0,61.61)(106.0,60.61)(107.0,59.61)(108.0,58.61)(109.0,57.61)(110.0,58.61)(111.0,57.61)(112.0,56.61)(113.0,55.61)(114.0,54.61)(115.0,55.61)(116.0,54.61)(117.0,53.61)(118.0,52.61)(119.0,51.61)(120.0,52.61)(121.0,51.61)(122.0,50.61)(123.0,49.61)(124.0,48.61)(125.0,49.61)(126.0,48.61)(127.0,47.61)(128.0,46.61)(129.0,45.61)(130.0,46.61)(131.0,45.61)(132.0,44.61)(133.0,43.61)(134.0,42.61)(170.0,35.52)(171.0,34.52)(172.0,33.52)(173.0,32.52)(174.0,31.52)(175.0,32.52)(176.0,31.52)(177.0,30.52)(178.0,29.52)(179.0,28.52)(180.0,29.52)(181.0,28.52)(182.0,27.52)(183.0,26.52)(184.0,25.52)(185.0,26.52)(186.0,25.52)(187.0,24.52)(188.0,23.52)(189.0,22.52)(190.0,23.52)(191.0,22.52)(192.0,21.52)(193.0,20.52)(194.0,19.52)(195.0,20.52)(196.0,19.52)(197.0,18.52)(198.0,17.52)(199.0,16.52)(200.0,17.52)(201.0,16.52)(202.0,15.52)(203.0,14.52)(204.0,13.52)(205.0,14.52)(206.0,13.52)(207.0,12.52)(208.0,11.52)(209.0,10.52)(210.0,11.52)(211.0,10.52)(212.0,9.52)(213.0,8.52)(214.0,7.52)(215.0,8.52)(216.0,7.52)(217.0,6.52)(218.0,5.52)(219.0,4.52)(220.0,7.21)(221.0,6.21)(222.0,5.21)(223.0,4.21)(224.0,3.21)(225.0,7.21)(226.0,6.21)(227.0,5.21)(228.0,4.21)(229.0,3.21)(230.0,7.21)(231.0,6.21)(232.0,5.21)(233.0,4.21)(234.0,3.21)(235.0,7.21)(236.0,6.21)(237.0,5.21)(238.0,4.21)(239.0,3.21)(135.0,110.71)(136.0,109.71)(137.0,108.71)(138.0,107.71)(139.0,106.71)(240.0,7.21)(241.0,6.21)(242.0,5.21)(243.0,4.21)(244.0,3.21)(140.0,107.71)(141.0,106.71)(142.0,105.71)(143.0,104.71)(144.0,103.71)(145.0,104.71)(146.0,103.71)(147.0,102.71)(148.0,101.71)(149.0,100.71)(150.0,101.71)(151.0,100.71)(152.0,99.71)(153.0,98.71)(154.0,97.71)(155.0,98.71)(156.0,97.71)(157.0,96.71)(158.0,95.71)(159.0,94.71)(160.0,95.71)(161.0,94.71)(162.0,93.71)(163.0,92.71)(164.0,91.71)(165.0,92.71)(166.0,91.71)(167.0,90.71)(168.0,89.71)(169.0,88.71)(245.0,62.12)(246.0,61.12)(247.0,60.12)(248.0,59.12)(249.0,58.12)(250.0,59.12)(251.0,58.12)(252.0,57.12)(253.0,56.12)(254.0,55.12)(255.0,56.12)(256.0,55.12)(257.0,54.12)(258.0,53.12)(259.0,52.12)(260.0,53.12)(261.0,52.12)(262.0,51.12)(263.0,50.12)(264.0,49.12)(265.0,50.12)(266.0,49.12)(267.0,48.12)(268.0,47.12)(269.0,46.12)(270.0,47.12)(271.0,46.12)(272.0,45.12)(273.0,44.12)(274.0,43.12)(275.0,44.12)(276.0,43.12)(277.0,42.12)(278.0,41.12)(279.0,40.12)(280.0,41.12)(281.0,40.12)(282.0,39.12)(283.0,38.12)(284.0,37.12)(285.0,38.12)(286.0,37.12)(287.0,36.12)(288.0,35.12)(289.0,34.12)(290.0,35.12)(291.0,34.12)(292.0,33.12)(293.0,32.12)(294.0,31.12)(295.0,32.12)(296.0,31.12)(297.0,30.12)(298.0,29.12)(299.0,28.12)(300.0,29.12)(301.0,28.12)(302.0,27.12)(303.0,26.12)(304.0,25.12)(305.0,26.12)(306.0,25.12)(307.0,24.12)(308.0,23.12)(309.0,22.12)(310.0,23.12)(311.0,22.12)(312.0,21.12)(313.0,20.12)(314.0,19.12)(315.0,20.12)(316.0,19.12)(317.0,18.12)(318.0,17.12)(319.0,16.12)(320.0,17.12)(321.0,16.12)(322.0,15.12)(323.0,14.12)(324.0,13.12)(325.0,14.12)(326.0,13.12)(327.0,12.12)(328.0,11.12)(329.0,10.12)(330.0,11.12)(331.0,10.12)(332.0,9.12)(333.0,8.12)(334.0,7.12)(335.0,8.12)(336.0,7.12)(337.0,6.12)(338.0,5.12)(339.0,4.12)(340.0,7.21)(341.0,6.21)(342.0,5.21)(343.0,4.21)(344.0,3.21)(345.0,7.21)(346.0,6.21)(347.0,5.21)(348.0,4.21)(349.0,3.21)(350.0,7.21)(351.0,6.21)(352.0,5.21)(353.0,4.21)(354.0,3.21)(355.0,7.21)(356.0,6.21)(357.0,5.21)(358.0,4.21)(359.0,3.21)(360.0,59.92)(361.0,58.92)(362.0,57.92)(363.0,56.92)(364.0,55.92)(365.0,56.92)(366.0,55.92)(367.0,54.92)(368.0,53.92)(369.0,52.92)(370.0,53.92)(371.0,52.92)(372.0,51.92)(373.0,50.92)(374.0,49.92)(375.0,50.92)(376.0,49.92)(377.0,48.92)(378.0,47.92)(379.0,46.92)(380.0,47.92)(381.0,46.92)(382.0,45.92)(383.0,44.92)(384.0,43.92)(385.0,44.92)(386.0,43.92)(387.0,42.92)(388.0,41.92)(389.0,40.92)(390.0,41.92)(391.0,40.92)(392.0,39.92)(393.0,38.92)(394.0,37.92)(395.0,38.92)(396.0,37.92)(397.0,36.92)(398.0,35.92)(399.0,34.92)(400.0,35.92)(401.0,34.92)(402.0,33.92)(403.0,32.92)(404.0,31.92)(405.0,32.92)(406.0,31.92)(407.0,30.92)(408.0,29.92)(409.0,28.92)(410.0,29.92)(411.0,28.92)(412.0,27.92)(413.0,26.92)(414.0,25.92)(415.0,26.92)(416.0,25.92)(417.0,24.92)(418.0,23.92)(419.0,22.92)(420.0,23.92)(421.0,22.92)(422.0,21.92)(423.0,20.92)(424.0,19.92)(425.0,20.92)(426.0,19.92)(427.0,18.92)(428.0,17.92)(429.0,16.92)(430.0,17.92)(431.0,16.92)(432.0,15.92)(433.0,14.92)(434.0,13.92)(435.0,14.92)(436.0,13.92)(437.0,12.92)(438.0,11.92)(439.0,10.92)(440.0,11.92)(441.0,10.92)(442.0,9.92)(443.0,8.92)(444.0,7.92)(445.0,31.51)(446.0,30.51)(447.0,29.51)(448.0,28.51)(449.0,27.51)(450.0,28.51)(451.0,27.51)(452.0,26.51)(453.0,25.51)(454.0,24.51)(455.0,25.51)(456.0,24.51)(457.0,23.51)(458.0,22.51)(459.0,21.51)(460.0,22.51)(461.0,21.51)(462.0,20.51)(463.0,19.51)(464.0,18.51)(465.0,19.51)(466.0,18.51)(467.0,17.51)(468.0,16.51)(469.0,15.51)(470.0,16.51)(471.0,15.51)(472.0,14.51)(473.0,13.51)(474.0,12.51)(475.0,136.71)(476.0,135.71)(477.0,134.71)(478.0,133.71)(479.0,132.71)(480.0,133.71)(481.0,132.71)(482.0,131.71)(483.0,130.71)(484.0,129.71)(485.0,130.71)(486.0,129.71)(487.0,128.71)(488.0,127.71)(489.0,126.71)(490.0,127.71)(491.0,126.71)(492.0,125.71)(493.0,124.71)(494.0,123.71)(495.0,124.71)(496.0,123.71)(497.0,122.71)(498.0,121.71)(499.0,120.71)(500.0,121.71)(501.0,120.71)(502.0,119.71)(503.0,118.71)(504.0,117.71)(505.0,118.71)(506.0,117.71)(507.0,116.71)(508.0,115.71)(509.0,114.71)(510.0,115.71)(511.0,114.71)(512.0,113.71)(513.0,112.71)(514.0,111.71)(515.0,112.71)(516.0,111.71)(517.0,110.71)(518.0,109.71)(519.0,108.71)(520.0,109.71)(521.0,108.71)(522.0,107.71)(523.0,106.71)(524.0,105.71)(525.0,106.71)(526.0,105.71)(527.0,104.71)(528.0,103.71)(529.0,102.71)(530.0,103.71)(531.0,102.71)(532.0,101.71)(533.0,100.71)(534.0,99.71)(535.0,100.71)(536.0,99.71)(537.0,98.71)(538.0,97.71)(539.0,96.71)(540.0,97.71)(541.0,96.71)(542.0,95.71)(543.0,94.71)(544.0,93.71)(545.0,94.71)(546.0,93.71)(547.0,92.71)(548.0,91.71)(549.0,90.71)(550.0,91.71)(551.0,90.71)(552.0,89.71)(553.0,88.71)(554.0,87.71)(555.0,88.71)(556.0,87.71)(557.0,86.71)(558.0,85.71)(559.0,84.71)(560.0,85.71)(561.0,84.71)(562.0,83.71)(563.0,82.71)(564.0,81.71)(565.0,82.71)(566.0,81.71)(567.0,80.71)(568.0,79.71)(569.0,78.71)(570.0,79.71)(571.0,78.71)(572.0,77.71)(573.0,76.71)(574.0,75.71)(575.0,76.71)(576.0,75.71)(577.0,74.71)(578.0,73.71)(579.0,72.71)(580.0,73.71)(581.0,72.71)(582.0,71.71)(583.0,70.71)(584.0,69.71)(585.0,70.71)(586.0,69.71)(587.0,68.71)(588.0,67.71)(589.0,66.71)(590.0,135.91)(591.0,134.91)(592.0,133.91)(593.0,132.91)(594.0,131.91)(595.0,132.91)(596.0,131.91)(597.0,130.91)(598.0,129.91)(599.0,128.91)(600.0,129.91)(601.0,128.91)(602.0,127.91)(603.0,126.91)(604.0,125.91)(605.0,126.91)(606.0,125.91)(607.0,124.91)(608.0,123.91)(609.0,122.91)(610.0,123.91)(611.0,122.91)(612.0,121.91)(613.0,120.91)(614.0,119.91)(615.0,120.91)(616.0,119.91)(617.0,118.91)(618.0,117.91)(619.0,116.91)(620.0,117.91)(621.0,116.91)(622.0,115.91)(623.0,114.91)(624.0,113.91)(625.0,114.91)(626.0,113.91)(627.0,112.91)(628.0,111.91)(629.0,110.91)(630.0,111.91)(631.0,110.91)(632.0,109.91)(633.0,108.91)(634.0,107.91)(635.0,108.91)(636.0,107.91)(637.0,106.91)(638.0,105.91)(639.0,104.91)(640.0,105.91)(641.0,104.91)(642.0,103.91)(643.0,102.91)(644.0,101.91)(645.0,102.91)(646.0,101.91)(647.0,100.91)(648.0,99.91)(649.0,98.91)(650.0,99.91)(651.0,98.91)(652.0,97.91)(653.0,96.91)(654.0,95.91)(655.0,96.91)(656.0,95.91)(657.0,94.91)(658.0,93.91)(659.0,92.91)(660.0,93.91)(661.0,92.91)(662.0,91.91)(663.0,90.91)(664.0,89.91)(665.0,90.91)(666.0,89.91)(667.0,88.91)(668.0,87.91)(669.0,86.91)(670.0,87.91)(671.0,86.91)(672.0,85.91)(673.0,84.91)(674.0,83.91)(675.0,84.91)(676.0,83.91)(677.0,82.91)(678.0,81.91)(679.0,80.91)(680.0,81.91)(681.0,80.91)(682.0,79.91)(683.0,78.91)(684.0,77.91)(685.0,78.91)(686.0,77.91)(687.0,76.91)(688.0,75.91)(689.0,74.91)(690.0,75.91)(691.0,74.91)(692.0,73.91)(693.0,72.91)(694.0,71.91)(695.0,72.91)(696.0,71.91)(697.0,70.91)(698.0,69.91)(699.0,68.91)(700.0,69.91)(701.0,68.91)(702.0,67.91)(703.0,66.91)(704.0,65.91)(705.0,66.91)(706.0,65.91)(707.0,64.91)(708.0,63.91)(709.0,62.91)(710.0,128.71)(711.0,127.71)(712.0,126.71)(713.0,125.71)(714.0,124.71)(715.0,125.71)(716.0,124.71)(717.0,123.71)(718.0,122.71)(719.0,121.71)(720.0,122.71)(721.0,121.71)(722.0,120.71)(723.0,119.71)(724.0,118.71)(725.0,119.71)(726.0,118.71)(727.0,117.71)(728.0,116.71)(729.0,115.71)(730.0,116.71)(731.0,115.71)(732.0,114.71)(733.0,113.71)(734.0,112.71)(735.0,113.71)(736.0,112.71)(737.0,111.71)(738.0,110.71)(739.0,109.71)(740.0,110.71)(741.0,109.71)(742.0,108.71)(743.0,107.71)(744.0,106.71)(745.0,107.71)(746.0,106.71)(747.0,105.71)(748.0,104.71)(749.0,103.71)(750.0,104.71)(751.0,103.71)(752.0,102.71)(753.0,101.71)(754.0,100.71)(755.0,101.71)(756.0,100.71)(757.0,99.71)(758.0,98.71)(759.0,97.71)(760.0,98.71)(761.0,97.71)(762.0,96.71)(763.0,95.71)(764.0,94.71)(765.0,95.71)(766.0,94.71)(767.0,93.71)(768.0,92.71)(769.0,91.71)(770.0,92.71)(771.0,91.71)(772.0,90.71)(773.0,89.71)(774.0,88.71)(775.0,89.71)(776.0,88.71)(777.0,87.71)(778.0,86.71)(779.0,85.71)(780.0,86.71)(781.0,85.71)(782.0,84.71)(783.0,83.71)(784.0,82.71)(785.0,83.71)(786.0,82.71)(787.0,81.71)(788.0,80.71)(789.0,79.71)(790.0,80.71)(791.0,79.71)(792.0,78.71)(793.0,77.71)(794.0,76.71)(795.0,77.71)(796.0,76.71)(797.0,75.71)(798.0,74.71)(799.0,73.71)(800.0,74.71)(801.0,73.71)(802.0,72.71)(803.0,71.71)(804.0,70.71)(805.0,71.71)(806.0,70.71)(807.0,69.71)(808.0,68.71)(809.0,67.71)(810.0,68.71)(811.0,67.71)(812.0,66.71)(813.0,65.71)(814.0,64.71)(815.0,65.71)(816.0,64.71)(817.0,63.71)(818.0,62.71)(819.0,61.71)(820.0,62.71)(821.0,61.71)(822.0,60.71)(823.0,59.71)(824.0,58.71)(825.0,59.71)(826.0,58.71)(827.0,57.71)(828.0,56.71)(829.0,55.71)(830.0,123.41)(831.0,122.41)(832.0,121.41)(833.0,120.41)(834.0,119.41)(835.0,120.41)(836.0,119.41)(837.0,118.41)(838.0,117.41)(839.0,116.41)(840.0,117.41)(841.0,116.41)(842.0,115.41)(843.0,114.41)(844.0,113.41)(845.0,114.41)(846.0,113.41)(847.0,112.41)(848.0,111.41)(849.0,110.41)(850.0,111.41)(851.0,110.41)(852.0,109.41)(853.0,108.41)(854.0,107.41)(855.0,108.41)(856.0,107.41)(857.0,106.41)(858.0,105.41)(859.0,104.41)(860.0,105.41)(861.0,104.41)(862.0,103.41)(863.0,102.41)(864.0,101.41)(865.0,102.41)(866.0,101.41)(867.0,100.41)(868.0,99.41)(869.0,98.41)(870.0,99.41)(871.0,98.41)(872.0,97.41)(873.0,96.41)(874.0,95.41)(875.0,96.41)(876.0,95.41)(877.0,94.41)(878.0,93.41)(879.0,92.41)(880.0,93.41)(881.0,92.41)(882.0,91.41)(883.0,90.41)(884.0,89.41)(885.0,90.41)(886.0,89.41)(887.0,88.41)(888.0,87.41)(889.0,86.41)(890.0,87.41)(891.0,86.41)(892.0,85.41)(893.0,84.41)(894.0,83.41)(895.0,84.41)(896.0,83.41)(897.0,82.41)(898.0,81.41)(899.0,80.41)(900.0,81.41)(901.0,80.41)(902.0,79.41)(903.0,78.41)(904.0,77.41)(905.0,78.41)(906.0,77.41)(907.0,76.41)(908.0,75.41)(909.0,74.41)(910.0,75.41)(911.0,74.41)(912.0,73.41)(913.0,72.41)(914.0,71.41)(915.0,72.41)(916.0,71.41)(917.0,70.41)(918.0,69.41)(919.0,68.41)(920.0,69.41)(921.0,68.41)(922.0,67.41)(923.0,66.41)(924.0,65.41)(925.0,66.41)(926.0,65.41)(927.0,64.41)(928.0,63.41)(929.0,62.41)(930.0,63.41)(931.0,62.41)(932.0,61.41)(933.0,60.41)(934.0,59.41)(935.0,60.41)(936.0,59.41)(937.0,58.41)(938.0,57.41)(939.0,56.41)(940.0,57.41)(941.0,56.41)(942.0,55.41)(943.0,54.41)(944.0,53.41)(945.0,54.4)(946.0,53.4)(947.0,52.4)(948.0,51.4)(949.0,50.4)(950.0,119.5)(951.0,118.5)(952.0,117.5)(953.0,116.5)(954.0,115.5)(955.0,116.5)(956.0,115.5)(957.0,114.5)(958.0,113.5)(959.0,112.5)(960.0,113.5)(961.0,112.5)(962.0,111.5)(963.0,110.5)(964.0,109.5)(965.0,110.5)(966.0,109.5)(967.0,108.5)(968.0,107.5)(969.0,106.5)(970.0,107.5)(971.0,106.5)(972.0,105.5)(973.0,104.5)(974.0,103.5)(975.0,104.5)(976.0,103.5)(977.0,102.5)(978.0,101.5)(979.0,100.5)(980.0,101.5)(981.0,100.5)(982.0,99.5)(983.0,98.5)(984.0,97.5)(985.0,98.5)(986.0,97.5)(987.0,96.5)(988.0,95.5)(989.0,94.5)(990.0,95.5)(991.0,94.5)(992.0,93.5)(993.0,92.5)(994.0,91.5)(995.0,92.5)(996.0,91.5)(997.0,90.5)(998.0,89.5)(999.0,88.5)(0.0,89.5)(1.0,88.5)(2.0,87.5)(3.0,86.5)(4.0,85.5)(5.0,86.5)(6.0,85.5)(7.0,84.5)(8.0,83.5)(9.0,82.5)(10.0,83.5)(11.0,82.5)(12.0,81.5)(13.0,80.5)(14.0,79.5)(15.0,80.5)(16.0,79.5)(17.0,78.5)(18.0,77.5)(19.0,76.5)(20.0,77.5)(21.0,76.5)(22.0,75.5)(23.0,74.5)(24.0,73.5)(25.0,74.5)(26.0,73.5)(27.0,72.5)(28.0,71.5)(29.0,70.5)(30.0,71.5)(31.0,70.5)(32.0,69.5)(33.0,68.5)(34.0,67.5)(35.0,68.5)(36.0,67.5)(37.0,66.5)(38.0,65.5)(39.0,64.5)(40.0,65.5)(41.0,64.5)(42.0,63.5)(43.0,62.5)(44.0,61.5)(45.0,62.5)(46.0,61.5)(47.0,60.5)(48.0,59.5)(49.0,58.5)(50.0,59.5)(51.0,58.5)(52.0,57.5)(53.0,56.5)(54.0,55.5)(55.0,56.5)(56.0,55.5)(57.0,54.5)(58.0,53.5)(59.0,52.5)(60.0,53.5)(61.0,52.5)(62.0,51.5)(63.0,50.5)(64.0,49.5)(65.0,50.5)(66.0,49.5)(67.0,48.5)(68.0,47.5)(69.0,46.5)};
\end{axis}
\end{tikzpicture}
\end{subfigure}%
\hfill%
\begin{subfigure}{0.25\linewidth}
\begin{tikzpicture}[xscale=0.56, yscale=0.56]
\begin{axis}[
    title={Bundle Sequence Number x Delay},
    xlabel={Bundle Sequence Number},
    ylabel={Delay},
    mark=*,
]
\addplot [L1, only marks, mark=o]
coordinates{
(0.0,14.011)(1.0,11.011)(2.0,8.0108)(3.0,5.0108)(4.0,108.61)(5.0,105.61)(6.0,102.61)(7.0,99.611)(8.0,96.611)(9.0,93.611)(10.0,90.611)(11.0,87.611)(12.0,84.611)(13.0,81.611)(14.0,78.611)(15.0,75.611)(16.0,72.611)(17.0,69.611)(18.0,66.611)(19.0,63.611)(20.0,60.611)(21.0,57.611)(22.0,54.611)(23.0,51.611)(24.0,48.611)(25.0,45.611)(26.0,42.611)(34.0,31.52)(35.0,28.52)(36.0,25.52)(37.0,22.52)(38.0,19.52)(39.0,16.52)(40.0,13.52)(41.0,10.52)(42.0,7.52)(43.0,4.52)(44.0,3.21)(45.0,3.21)(46.0,3.21)(47.0,3.21)(27.0,106.71)(48.0,3.21)(28.0,103.71)(29.0,100.71)(30.0,97.711)(31.0,94.711)(32.0,91.711)(33.0,88.711)(49.0,58.12)(50.0,55.12)(51.0,52.12)(52.0,49.12)(53.0,46.12)(54.0,43.12)(55.0,40.12)(56.0,37.12)(57.0,34.12)(58.0,31.12)(59.0,28.12)(60.0,25.12)(61.0,22.12)(62.0,19.12)(63.0,16.12)(64.0,13.12)(65.0,10.12)(66.0,7.12)(67.0,4.12)(68.0,3.21)(69.0,3.21)(70.0,3.21)(71.0,3.21)(72.0,55.92)(73.0,52.92)(74.0,49.92)(75.0,46.92)(76.0,43.92)(77.0,40.92)(78.0,37.92)(79.0,34.92)(80.0,31.92)(81.0,28.92)(82.0,25.92)(83.0,22.92)(84.0,19.92)(85.0,16.92)(86.0,13.92)(87.0,10.92)(88.0,7.92)(89.0,27.511)(90.0,24.511)(91.0,21.511)(92.0,18.511)(93.0,15.511)(94.0,12.511)(95.0,132.71)(96.0,129.71)(97.0,126.71)(98.0,123.71)(99.0,120.71)(100.0,117.71)(101.0,114.71)(102.0,111.71)(103.0,108.71)(104.0,105.71)(105.0,102.71)(106.0,99.711)(107.0,96.711)(108.0,93.711)(109.0,90.711)(110.0,87.711)(111.0,84.711)(112.0,81.711)(113.0,78.711)(114.0,75.711)(115.0,72.711)(116.0,69.711)(117.0,66.711)(118.0,131.91)(119.0,128.91)(120.0,125.91)(121.0,122.91)(122.0,119.91)(123.0,116.91)(124.0,113.91)(125.0,110.91)(126.0,107.91)(127.0,104.91)(128.0,101.91)(129.0,98.911)(130.0,95.911)(131.0,92.911)(132.0,89.911)(133.0,86.911)(134.0,83.911)(135.0,80.911)(136.0,77.911)(137.0,74.911)(138.0,71.911)(139.0,68.911)(140.0,65.911)(141.0,62.911)(142.0,124.71)(143.0,121.71)(144.0,118.71)(145.0,115.71)(146.0,112.71)(147.0,109.71)(148.0,106.71)(149.0,103.71)(150.0,100.71)(151.0,97.711)(152.0,94.711)(153.0,91.711)(154.0,88.711)(155.0,85.711)(156.0,82.711)(157.0,79.711)(158.0,76.711)(159.0,73.711)(160.0,70.711)(161.0,67.711)(162.0,64.711)(163.0,61.711)(164.0,58.711)(165.0,55.711)(166.0,119.41)(167.0,116.41)(168.0,113.41)(169.0,110.41)(170.0,107.41)(171.0,104.41)(172.0,101.41)(173.0,98.411)(174.0,95.411)(175.0,92.411)(176.0,89.411)(177.0,86.411)(178.0,83.411)(179.0,80.411)(180.0,77.411)(181.0,74.411)(182.0,71.411)(183.0,68.411)(184.0,65.411)(185.0,62.411)(186.0,59.411)(187.0,56.411)(188.0,53.411)(189.0,50.411)(190.0,115.51)(191.0,112.51)(192.0,109.51)(193.0,106.51)(194.0,103.51)(195.0,100.51)(196.0,97.511)(197.0,94.511)(198.0,91.511)(199.0,88.511)(200.0,85.511)(201.0,82.511)(202.0,79.511)(203.0,76.511)(204.0,73.511)(205.0,70.511)(206.0,67.511)(207.0,64.511)(208.0,61.511)(209.0,58.511)(210.0,55.511)(211.0,52.511)(212.0,49.511)(213.0,46.511)};
\end{axis}
\end{tikzpicture}
\end{subfigure}%
\hfill%
\begin{subfigure}{0.25\linewidth}
\begin{tikzpicture}[xscale=0.56, yscale=0.56]
\begin{axis}[
    title={Time Received at Base x Data Sequence Number},
    xlabel={Time Received at Base},
    ylabel={Data Sequence Number},
    mark=*,
]
\addplot [L1, only marks, mark=o]
coordinates{
(19.011,0.0)(19.011,1.0)(19.011,2.0)(19.011,3.0)(19.011,4.0)(21.011,5.0)(21.011,6.0)(21.011,7.0)(21.011,8.0)(21.011,9.0)(23.011,10.0)(23.011,11.0)(23.011,12.0)(23.011,13.0)(23.011,14.0)(25.011,15.0)(25.011,16.0)(25.011,17.0)(25.011,18.0)(25.011,19.0)(133.61,20.0)(133.61,21.0)(133.61,22.0)(133.61,23.0)(133.61,24.0)(135.61,25.0)(135.61,26.0)(135.61,27.0)(135.61,28.0)(135.61,29.0)(137.61,30.0)(137.61,31.0)(137.61,32.0)(137.61,33.0)(137.61,34.0)(139.61,35.0)(139.61,36.0)(139.61,37.0)(139.61,38.0)(139.61,39.0)(141.61,40.0)(141.61,41.0)(141.61,42.0)(141.61,43.0)(141.61,44.0)(143.61,45.0)(143.61,46.0)(143.61,47.0)(143.61,48.0)(143.61,49.0)(145.61,50.0)(145.61,51.0)(145.61,52.0)(145.61,53.0)(145.61,54.0)(147.61,55.0)(147.61,56.0)(147.61,57.0)(147.61,58.0)(147.61,59.0)(149.61,60.0)(149.61,61.0)(149.61,62.0)(149.61,63.0)(149.61,64.0)(151.61,65.0)(151.61,66.0)(151.61,67.0)(151.61,68.0)(151.61,69.0)(153.61,70.0)(153.61,71.0)(153.61,72.0)(153.61,73.0)(153.61,74.0)(155.61,75.0)(155.61,76.0)(155.61,77.0)(155.61,78.0)(155.61,79.0)(157.61,80.0)(157.61,81.0)(157.61,82.0)(157.61,83.0)(157.61,84.0)(159.61,85.0)(159.61,86.0)(159.61,87.0)(159.61,88.0)(159.61,89.0)(161.61,90.0)(161.61,91.0)(161.61,92.0)(161.61,93.0)(161.61,94.0)(163.61,95.0)(163.61,96.0)(163.61,97.0)(163.61,98.0)(163.61,99.0)(165.61,100.0)(165.61,101.0)(165.61,102.0)(165.61,103.0)(165.61,104.0)(167.61,105.0)(167.61,106.0)(167.61,107.0)(167.61,108.0)(167.61,109.0)(169.61,110.0)(169.61,111.0)(169.61,112.0)(169.61,113.0)(169.61,114.0)(171.61,115.0)(171.61,116.0)(171.61,117.0)(171.61,118.0)(171.61,119.0)(173.61,120.0)(173.61,121.0)(173.61,122.0)(173.61,123.0)(173.61,124.0)(175.61,125.0)(175.61,126.0)(175.61,127.0)(175.61,128.0)(175.61,129.0)(177.61,130.0)(177.61,131.0)(177.61,132.0)(177.61,133.0)(177.61,134.0)(206.52,170.0)(206.52,171.0)(206.52,172.0)(206.52,173.0)(206.52,174.0)(208.52,175.0)(208.52,176.0)(208.52,177.0)(208.52,178.0)(208.52,179.0)(210.52,180.0)(210.52,181.0)(210.52,182.0)(210.52,183.0)(210.52,184.0)(212.52,185.0)(212.52,186.0)(212.52,187.0)(212.52,188.0)(212.52,189.0)(214.52,190.0)(214.52,191.0)(214.52,192.0)(214.52,193.0)(214.52,194.0)(216.52,195.0)(216.52,196.0)(216.52,197.0)(216.52,198.0)(216.52,199.0)(218.52,200.0)(218.52,201.0)(218.52,202.0)(218.52,203.0)(218.52,204.0)(220.52,205.0)(220.52,206.0)(220.52,207.0)(220.52,208.0)(220.52,209.0)(222.52,210.0)(222.52,211.0)(222.52,212.0)(222.52,213.0)(222.52,214.0)(224.52,215.0)(224.52,216.0)(224.52,217.0)(224.52,218.0)(224.52,219.0)(228.21,220.0)(228.21,221.0)(228.21,222.0)(228.21,223.0)(228.21,224.0)(233.21,225.0)(233.21,226.0)(233.21,227.0)(233.21,228.0)(233.21,229.0)(238.21,230.0)(238.21,231.0)(238.21,232.0)(238.21,233.0)(238.21,234.0)(243.21,235.0)(243.21,236.0)(243.21,237.0)(243.21,238.0)(243.21,239.0)(246.71,135.0)(246.71,136.0)(246.71,137.0)(246.71,138.0)(246.71,139.0)(248.21,240.0)(248.21,241.0)(248.21,242.0)(248.21,243.0)(248.21,244.0)(248.71,140.0)(248.71,141.0)(248.71,142.0)(248.71,143.0)(248.71,144.0)(250.71,145.0)(250.71,146.0)(250.71,147.0)(250.71,148.0)(250.71,149.0)(252.71,150.0)(252.71,151.0)(252.71,152.0)(252.71,153.0)(252.71,154.0)(254.71,155.0)(254.71,156.0)(254.71,157.0)(254.71,158.0)(254.71,159.0)(256.71,160.0)(256.71,161.0)(256.71,162.0)(256.71,163.0)(256.71,164.0)(258.71,165.0)(258.71,166.0)(258.71,167.0)(258.71,168.0)(258.71,169.0)(308.12,245.0)(308.12,246.0)(308.12,247.0)(308.12,248.0)(308.12,249.0)(310.12,250.0)(310.12,251.0)(310.12,252.0)(310.12,253.0)(310.12,254.0)(312.12,255.0)(312.12,256.0)(312.12,257.0)(312.12,258.0)(312.12,259.0)(314.12,260.0)(314.12,261.0)(314.12,262.0)(314.12,263.0)(314.12,264.0)(316.12,265.0)(316.12,266.0)(316.12,267.0)(316.12,268.0)(316.12,269.0)(318.12,270.0)(318.12,271.0)(318.12,272.0)(318.12,273.0)(318.12,274.0)(320.12,275.0)(320.12,276.0)(320.12,277.0)(320.12,278.0)(320.12,279.0)(322.12,280.0)(322.12,281.0)(322.12,282.0)(322.12,283.0)(322.12,284.0)(324.12,285.0)(324.12,286.0)(324.12,287.0)(324.12,288.0)(324.12,289.0)(326.12,290.0)(326.12,291.0)(326.12,292.0)(326.12,293.0)(326.12,294.0)(328.12,295.0)(328.12,296.0)(328.12,297.0)(328.12,298.0)(328.12,299.0)(330.12,300.0)(330.12,301.0)(330.12,302.0)(330.12,303.0)(330.12,304.0)(332.12,305.0)(332.12,306.0)(332.12,307.0)(332.12,308.0)(332.12,309.0)(334.12,310.0)(334.12,311.0)(334.12,312.0)(334.12,313.0)(334.12,314.0)(336.12,315.0)(336.12,316.0)(336.12,317.0)(336.12,318.0)(336.12,319.0)(338.12,320.0)(338.12,321.0)(338.12,322.0)(338.12,323.0)(338.12,324.0)(340.12,325.0)(340.12,326.0)(340.12,327.0)(340.12,328.0)(340.12,329.0)(342.12,330.0)(342.12,331.0)(342.12,332.0)(342.12,333.0)(342.12,334.0)(344.12,335.0)(344.12,336.0)(344.12,337.0)(344.12,338.0)(344.12,339.0)(348.21,340.0)(348.21,341.0)(348.21,342.0)(348.21,343.0)(348.21,344.0)(353.21,345.0)(353.21,346.0)(353.21,347.0)(353.21,348.0)(353.21,349.0)(358.21,350.0)(358.21,351.0)(358.21,352.0)(358.21,353.0)(358.21,354.0)(363.21,355.0)(363.21,356.0)(363.21,357.0)(363.21,358.0)(363.21,359.0)(420.92,360.0)(420.92,361.0)(420.92,362.0)(420.92,363.0)(420.92,364.0)(422.92,365.0)(422.92,366.0)(422.92,367.0)(422.92,368.0)(422.92,369.0)(424.92,370.0)(424.92,371.0)(424.92,372.0)(424.92,373.0)(424.92,374.0)(426.92,375.0)(426.92,376.0)(426.92,377.0)(426.92,378.0)(426.92,379.0)(428.92,380.0)(428.92,381.0)(428.92,382.0)(428.92,383.0)(428.92,384.0)(430.92,385.0)(430.92,386.0)(430.92,387.0)(430.92,388.0)(430.92,389.0)(432.92,390.0)(432.92,391.0)(432.92,392.0)(432.92,393.0)(432.92,394.0)(434.92,395.0)(434.92,396.0)(434.92,397.0)(434.92,398.0)(434.92,399.0)(436.92,400.0)(436.92,401.0)(436.92,402.0)(436.92,403.0)(436.92,404.0)(438.92,405.0)(438.92,406.0)(438.92,407.0)(438.92,408.0)(438.92,409.0)(440.92,410.0)(440.92,411.0)(440.92,412.0)(440.92,413.0)(440.92,414.0)(442.92,415.0)(442.92,416.0)(442.92,417.0)(442.92,418.0)(442.92,419.0)(444.92,420.0)(444.92,421.0)(444.92,422.0)(444.92,423.0)(444.92,424.0)(446.92,425.0)(446.92,426.0)(446.92,427.0)(446.92,428.0)(446.92,429.0)(448.92,430.0)(448.92,431.0)(448.92,432.0)(448.92,433.0)(448.92,434.0)(450.92,435.0)(450.92,436.0)(450.92,437.0)(450.92,438.0)(450.92,439.0)(452.92,440.0)(452.92,441.0)(452.92,442.0)(452.92,443.0)(452.92,444.0)(477.51,445.0)(477.51,446.0)(477.51,447.0)(477.51,448.0)(477.51,449.0)(479.51,450.0)(479.51,451.0)(479.51,452.0)(479.51,453.0)(479.51,454.0)(481.51,455.0)(481.51,456.0)(481.51,457.0)(481.51,458.0)(481.51,459.0)(483.51,460.0)(483.51,461.0)(483.51,462.0)(483.51,463.0)(483.51,464.0)(485.51,465.0)(485.51,466.0)(485.51,467.0)(485.51,468.0)(485.51,469.0)(487.51,470.0)(487.51,471.0)(487.51,472.0)(487.51,473.0)(487.51,474.0)(612.71,475.0)(612.71,476.0)(612.71,477.0)(612.71,478.0)(612.71,479.0)(614.71,480.0)(614.71,481.0)(614.71,482.0)(614.71,483.0)(614.71,484.0)(616.71,485.0)(616.71,486.0)(616.71,487.0)(616.71,488.0)(616.71,489.0)(618.71,490.0)(618.71,491.0)(618.71,492.0)(618.71,493.0)(618.71,494.0)(620.71,495.0)(620.71,496.0)(620.71,497.0)(620.71,498.0)(620.71,499.0)(622.71,500.0)(622.71,501.0)(622.71,502.0)(622.71,503.0)(622.71,504.0)(624.71,505.0)(624.71,506.0)(624.71,507.0)(624.71,508.0)(624.71,509.0)(626.71,510.0)(626.71,511.0)(626.71,512.0)(626.71,513.0)(626.71,514.0)(628.71,515.0)(628.71,516.0)(628.71,517.0)(628.71,518.0)(628.71,519.0)(630.71,520.0)(630.71,521.0)(630.71,522.0)(630.71,523.0)(630.71,524.0)(632.71,525.0)(632.71,526.0)(632.71,527.0)(632.71,528.0)(632.71,529.0)(634.71,530.0)(634.71,531.0)(634.71,532.0)(634.71,533.0)(634.71,534.0)(636.71,535.0)(636.71,536.0)(636.71,537.0)(636.71,538.0)(636.71,539.0)(638.71,540.0)(638.71,541.0)(638.71,542.0)(638.71,543.0)(638.71,544.0)(640.71,545.0)(640.71,546.0)(640.71,547.0)(640.71,548.0)(640.71,549.0)(642.71,550.0)(642.71,551.0)(642.71,552.0)(642.71,553.0)(642.71,554.0)(644.71,555.0)(644.71,556.0)(644.71,557.0)(644.71,558.0)(644.71,559.0)(646.71,560.0)(646.71,561.0)(646.71,562.0)(646.71,563.0)(646.71,564.0)(648.71,565.0)(648.71,566.0)(648.71,567.0)(648.71,568.0)(648.71,569.0)(650.71,570.0)(650.71,571.0)(650.71,572.0)(650.71,573.0)(650.71,574.0)(652.71,575.0)(652.71,576.0)(652.71,577.0)(652.71,578.0)(652.71,579.0)(654.71,580.0)(654.71,581.0)(654.71,582.0)(654.71,583.0)(654.71,584.0)(656.71,585.0)(656.71,586.0)(656.71,587.0)(656.71,588.0)(656.71,589.0)(726.91,590.0)(726.91,591.0)(726.91,592.0)(726.91,593.0)(726.91,594.0)(728.91,595.0)(728.91,596.0)(728.91,597.0)(728.91,598.0)(728.91,599.0)(730.91,600.0)(730.91,601.0)(730.91,602.0)(730.91,603.0)(730.91,604.0)(732.91,605.0)(732.91,606.0)(732.91,607.0)(732.91,608.0)(732.91,609.0)(734.91,610.0)(734.91,611.0)(734.91,612.0)(734.91,613.0)(734.91,614.0)(736.91,615.0)(736.91,616.0)(736.91,617.0)(736.91,618.0)(736.91,619.0)(738.91,620.0)(738.91,621.0)(738.91,622.0)(738.91,623.0)(738.91,624.0)(740.91,625.0)(740.91,626.0)(740.91,627.0)(740.91,628.0)(740.91,629.0)(742.91,630.0)(742.91,631.0)(742.91,632.0)(742.91,633.0)(742.91,634.0)(744.91,635.0)(744.91,636.0)(744.91,637.0)(744.91,638.0)(744.91,639.0)(746.91,640.0)(746.91,641.0)(746.91,642.0)(746.91,643.0)(746.91,644.0)(748.91,645.0)(748.91,646.0)(748.91,647.0)(748.91,648.0)(748.91,649.0)(750.91,650.0)(750.91,651.0)(750.91,652.0)(750.91,653.0)(750.91,654.0)(752.91,655.0)(752.91,656.0)(752.91,657.0)(752.91,658.0)(752.91,659.0)(754.91,660.0)(754.91,661.0)(754.91,662.0)(754.91,663.0)(754.91,664.0)(756.91,665.0)(756.91,666.0)(756.91,667.0)(756.91,668.0)(756.91,669.0)(758.91,670.0)(758.91,671.0)(758.91,672.0)(758.91,673.0)(758.91,674.0)(760.91,675.0)(760.91,676.0)(760.91,677.0)(760.91,678.0)(760.91,679.0)(762.91,680.0)(762.91,681.0)(762.91,682.0)(762.91,683.0)(762.91,684.0)(764.91,685.0)(764.91,686.0)(764.91,687.0)(764.91,688.0)(764.91,689.0)(766.91,690.0)(766.91,691.0)(766.91,692.0)(766.91,693.0)(766.91,694.0)(768.91,695.0)(768.91,696.0)(768.91,697.0)(768.91,698.0)(768.91,699.0)(770.91,700.0)(770.91,701.0)(770.91,702.0)(770.91,703.0)(770.91,704.0)(772.91,705.0)(772.91,706.0)(772.91,707.0)(772.91,708.0)(772.91,709.0)(839.71,710.0)(839.71,711.0)(839.71,712.0)(839.71,713.0)(839.71,714.0)(841.71,715.0)(841.71,716.0)(841.71,717.0)(841.71,718.0)(841.71,719.0)(843.71,720.0)(843.71,721.0)(843.71,722.0)(843.71,723.0)(843.71,724.0)(845.71,725.0)(845.71,726.0)(845.71,727.0)(845.71,728.0)(845.71,729.0)(847.71,730.0)(847.71,731.0)(847.71,732.0)(847.71,733.0)(847.71,734.0)(849.71,735.0)(849.71,736.0)(849.71,737.0)(849.71,738.0)(849.71,739.0)(851.71,740.0)(851.71,741.0)(851.71,742.0)(851.71,743.0)(851.71,744.0)(853.71,745.0)(853.71,746.0)(853.71,747.0)(853.71,748.0)(853.71,749.0)(855.71,750.0)(855.71,751.0)(855.71,752.0)(855.71,753.0)(855.71,754.0)(857.71,755.0)(857.71,756.0)(857.71,757.0)(857.71,758.0)(857.71,759.0)(859.71,760.0)(859.71,761.0)(859.71,762.0)(859.71,763.0)(859.71,764.0)(861.71,765.0)(861.71,766.0)(861.71,767.0)(861.71,768.0)(861.71,769.0)(863.71,770.0)(863.71,771.0)(863.71,772.0)(863.71,773.0)(863.71,774.0)(865.71,775.0)(865.71,776.0)(865.71,777.0)(865.71,778.0)(865.71,779.0)(867.71,780.0)(867.71,781.0)(867.71,782.0)(867.71,783.0)(867.71,784.0)(869.71,785.0)(869.71,786.0)(869.71,787.0)(869.71,788.0)(869.71,789.0)(871.71,790.0)(871.71,791.0)(871.71,792.0)(871.71,793.0)(871.71,794.0)(873.71,795.0)(873.71,796.0)(873.71,797.0)(873.71,798.0)(873.71,799.0)(875.71,800.0)(875.71,801.0)(875.71,802.0)(875.71,803.0)(875.71,804.0)(877.71,805.0)(877.71,806.0)(877.71,807.0)(877.71,808.0)(877.71,809.0)(879.71,810.0)(879.71,811.0)(879.71,812.0)(879.71,813.0)(879.71,814.0)(881.71,815.0)(881.71,816.0)(881.71,817.0)(881.71,818.0)(881.71,819.0)(883.71,820.0)(883.71,821.0)(883.71,822.0)(883.71,823.0)(883.71,824.0)(885.71,825.0)(885.71,826.0)(885.71,827.0)(885.71,828.0)(885.71,829.0)(954.41,830.0)(954.41,831.0)(954.41,832.0)(954.41,833.0)(954.41,834.0)(956.41,835.0)(956.41,836.0)(956.41,837.0)(956.41,838.0)(956.41,839.0)(958.41,840.0)(958.41,841.0)(958.41,842.0)(958.41,843.0)(958.41,844.0)(960.41,845.0)(960.41,846.0)(960.41,847.0)(960.41,848.0)(960.41,849.0)(962.41,850.0)(962.41,851.0)(962.41,852.0)(962.41,853.0)(962.41,854.0)(964.41,855.0)(964.41,856.0)(964.41,857.0)(964.41,858.0)(964.41,859.0)(966.41,860.0)(966.41,861.0)(966.41,862.0)(966.41,863.0)(966.41,864.0)(968.41,865.0)(968.41,866.0)(968.41,867.0)(968.41,868.0)(968.41,869.0)(970.41,870.0)(970.41,871.0)(970.41,872.0)(970.41,873.0)(970.41,874.0)(972.41,875.0)(972.41,876.0)(972.41,877.0)(972.41,878.0)(972.41,879.0)(974.41,880.0)(974.41,881.0)(974.41,882.0)(974.41,883.0)(974.41,884.0)(976.41,885.0)(976.41,886.0)(976.41,887.0)(976.41,888.0)(976.41,889.0)(978.41,890.0)(978.41,891.0)(978.41,892.0)(978.41,893.0)(978.41,894.0)(980.41,895.0)(980.41,896.0)(980.41,897.0)(980.41,898.0)(980.41,899.0)(982.41,900.0)(982.41,901.0)(982.41,902.0)(982.41,903.0)(982.41,904.0)(984.41,905.0)(984.41,906.0)(984.41,907.0)(984.41,908.0)(984.41,909.0)(986.41,910.0)(986.41,911.0)(986.41,912.0)(986.41,913.0)(986.41,914.0)(988.41,915.0)(988.41,916.0)(988.41,917.0)(988.41,918.0)(988.41,919.0)(990.41,920.0)(990.41,921.0)(990.41,922.0)(990.41,923.0)(990.41,924.0)(992.41,925.0)(992.41,926.0)(992.41,927.0)(992.41,928.0)(992.41,929.0)(994.41,930.0)(994.41,931.0)(994.41,932.0)(994.41,933.0)(994.41,934.0)(996.41,935.0)(996.41,936.0)(996.41,937.0)(996.41,938.0)(996.41,939.0)(998.41,940.0)(998.41,941.0)(998.41,942.0)(998.41,943.0)(998.41,944.0)(1000.4,945.0)(1000.4,946.0)(1000.4,947.0)(1000.4,948.0)(1000.4,949.0)(1070.5,950.0)(1070.5,951.0)(1070.5,952.0)(1070.5,953.0)(1070.5,954.0)(1072.5,955.0)(1072.5,956.0)(1072.5,957.0)(1072.5,958.0)(1072.5,959.0)(1074.5,960.0)(1074.5,961.0)(1074.5,962.0)(1074.5,963.0)(1074.5,964.0)(1076.5,965.0)(1076.5,966.0)(1076.5,967.0)(1076.5,968.0)(1076.5,969.0)(1078.5,970.0)(1078.5,971.0)(1078.5,972.0)(1078.5,973.0)(1078.5,974.0)(1080.5,975.0)(1080.5,976.0)(1080.5,977.0)(1080.5,978.0)(1080.5,979.0)(1082.5,980.0)(1082.5,981.0)(1082.5,982.0)(1082.5,983.0)(1082.5,984.0)(1084.5,985.0)(1084.5,986.0)(1084.5,987.0)(1084.5,988.0)(1084.5,989.0)(1086.5,990.0)(1086.5,991.0)(1086.5,992.0)(1086.5,993.0)(1086.5,994.0)(1088.5,995.0)(1088.5,996.0)(1088.5,997.0)(1088.5,998.0)(1088.5,999.0)(1090.5,0.0)(1090.5,1.0)(1090.5,2.0)(1090.5,3.0)(1090.5,4.0)(1092.5,5.0)(1092.5,6.0)(1092.5,7.0)(1092.5,8.0)(1092.5,9.0)(1094.5,10.0)(1094.5,11.0)(1094.5,12.0)(1094.5,13.0)(1094.5,14.0)(1096.5,15.0)(1096.5,16.0)(1096.5,17.0)(1096.5,18.0)(1096.5,19.0)(1098.5,20.0)(1098.5,21.0)(1098.5,22.0)(1098.5,23.0)(1098.5,24.0)(1100.5,25.0)(1100.5,26.0)(1100.5,27.0)(1100.5,28.0)(1100.5,29.0)(1102.5,30.0)(1102.5,31.0)(1102.5,32.0)(1102.5,33.0)(1102.5,34.0)(1104.5,35.0)(1104.5,36.0)(1104.5,37.0)(1104.5,38.0)(1104.5,39.0)(1106.5,40.0)(1106.5,41.0)(1106.5,42.0)(1106.5,43.0)(1106.5,44.0)(1108.5,45.0)(1108.5,46.0)(1108.5,47.0)(1108.5,48.0)(1108.5,49.0)(1110.5,50.0)(1110.5,51.0)(1110.5,52.0)(1110.5,53.0)(1110.5,54.0)(1112.5,55.0)(1112.5,56.0)(1112.5,57.0)(1112.5,58.0)(1112.5,59.0)(1114.5,60.0)(1114.5,61.0)(1114.5,62.0)(1114.5,63.0)(1114.5,64.0)(1116.5,65.0)(1116.5,66.0)(1116.5,67.0)(1116.5,68.0)(1116.5,69.0)};
\end{axis}
\end{tikzpicture}
\end{subfigure}%
\hfill%
\begin{subfigure}{0.25\linewidth}
\begin{tikzpicture}[xscale=0.56, yscale=0.56]
\begin{axis}[
    title={Time Received at Base x Bundle Sequence Number},
    xlabel={Time Received at Base},
    ylabel={Bundle Sequence Number},
    mark=*,
]
\addplot [L1, only marks, mark=o]
coordinates{
(19.011,0.0)(21.011,1.0)(23.011,2.0)(25.011,3.0)(133.61,4.0)(135.61,5.0)(137.61,6.0)(139.61,7.0)(141.61,8.0)(143.61,9.0)(145.61,10.0)(147.61,11.0)(149.61,12.0)(151.61,13.0)(153.61,14.0)(155.61,15.0)(157.61,16.0)(159.61,17.0)(161.61,18.0)(163.61,19.0)(165.61,20.0)(167.61,21.0)(169.61,22.0)(171.61,23.0)(173.61,24.0)(175.61,25.0)(177.61,26.0)(206.52,34.0)(208.52,35.0)(210.52,36.0)(212.52,37.0)(214.52,38.0)(216.52,39.0)(218.52,40.0)(220.52,41.0)(222.52,42.0)(224.52,43.0)(228.21,44.0)(233.21,45.0)(238.21,46.0)(243.21,47.0)(246.71,27.0)(248.21,48.0)(248.71,28.0)(250.71,29.0)(252.71,30.0)(254.71,31.0)(256.71,32.0)(258.71,33.0)(308.12,49.0)(310.12,50.0)(312.12,51.0)(314.12,52.0)(316.12,53.0)(318.12,54.0)(320.12,55.0)(322.12,56.0)(324.12,57.0)(326.12,58.0)(328.12,59.0)(330.12,60.0)(332.12,61.0)(334.12,62.0)(336.12,63.0)(338.12,64.0)(340.12,65.0)(342.12,66.0)(344.12,67.0)(348.21,68.0)(353.21,69.0)(358.21,70.0)(363.21,71.0)(420.92,72.0)(422.92,73.0)(424.92,74.0)(426.92,75.0)(428.92,76.0)(430.92,77.0)(432.92,78.0)(434.92,79.0)(436.92,80.0)(438.92,81.0)(440.92,82.0)(442.92,83.0)(444.92,84.0)(446.92,85.0)(448.92,86.0)(450.92,87.0)(452.92,88.0)(477.51,89.0)(479.51,90.0)(481.51,91.0)(483.51,92.0)(485.51,93.0)(487.51,94.0)(612.71,95.0)(614.71,96.0)(616.71,97.0)(618.71,98.0)(620.71,99.0)(622.71,100.0)(624.71,101.0)(626.71,102.0)(628.71,103.0)(630.71,104.0)(632.71,105.0)(634.71,106.0)(636.71,107.0)(638.71,108.0)(640.71,109.0)(642.71,110.0)(644.71,111.0)(646.71,112.0)(648.71,113.0)(650.71,114.0)(652.71,115.0)(654.71,116.0)(656.71,117.0)(726.91,118.0)(728.91,119.0)(730.91,120.0)(732.91,121.0)(734.91,122.0)(736.91,123.0)(738.91,124.0)(740.91,125.0)(742.91,126.0)(744.91,127.0)(746.91,128.0)(748.91,129.0)(750.91,130.0)(752.91,131.0)(754.91,132.0)(756.91,133.0)(758.91,134.0)(760.91,135.0)(762.91,136.0)(764.91,137.0)(766.91,138.0)(768.91,139.0)(770.91,140.0)(772.91,141.0)(839.71,142.0)(841.71,143.0)(843.71,144.0)(845.71,145.0)(847.71,146.0)(849.71,147.0)(851.71,148.0)(853.71,149.0)(855.71,150.0)(857.71,151.0)(859.71,152.0)(861.71,153.0)(863.71,154.0)(865.71,155.0)(867.71,156.0)(869.71,157.0)(871.71,158.0)(873.71,159.0)(875.71,160.0)(877.71,161.0)(879.71,162.0)(881.71,163.0)(883.71,164.0)(885.71,165.0)(954.41,166.0)(956.41,167.0)(958.41,168.0)(960.41,169.0)(962.41,170.0)(964.41,171.0)(966.41,172.0)(968.41,173.0)(970.41,174.0)(972.41,175.0)(974.41,176.0)(976.41,177.0)(978.41,178.0)(980.41,179.0)(982.41,180.0)(984.41,181.0)(986.41,182.0)(988.41,183.0)(990.41,184.0)(992.41,185.0)(994.41,186.0)(996.41,187.0)(998.41,188.0)(1000.4,189.0)(1070.5,190.0)(1072.5,191.0)(1074.5,192.0)(1076.5,193.0)(1078.5,194.0)(1080.5,195.0)(1082.5,196.0)(1084.5,197.0)(1086.5,198.0)(1088.5,199.0)(1090.5,200.0)(1092.5,201.0)(1094.5,202.0)(1096.5,203.0)(1098.5,204.0)(1100.5,205.0)(1102.5,206.0)(1104.5,207.0)(1106.5,208.0)(1108.5,209.0)(1110.5,210.0)(1112.5,211.0)(1114.5,212.0)(1116.5,213.0)};
\end{axis}
\end{tikzpicture}
\end{subfigure}
\end{figure}


\end{document}
