Creating 3 nodes.
SENSOR: 
node 0 getnode 0xc2a590 dst-> 0xc40e10 10.0.0.1 source-> 0xc41230
MOBILE: 
node 1 getnode 0xc2a3b0 dst-> 0xc42430 10.0.0.2 source-> 0xc42ab0
BASE: 
node 2 getnode 0xc2a140 dst-> 0xc438f0 10.0.0.3 source-> 0xc43f70
Starting simulation for 50 s, seed value 12345681
0.5 0 0 0 0 1 30 200
0.50001 0 0 0 0 0 30 100
0.50002 0 0 0 0 0 230 200
1.5 0 0 0 0 1 30 200
1.50001 0 0 0 0 0 30 100
1.50002 0 0 0 0 0 230 200
2.5 0 0 0 0 1 30 200
2.50001 0 0 0 0 0 30 100
2.50002 0 0 0 0 0 230 200
Generated Data for node 0 at time :+3000000000.0ns with data 000TjJHF
3.5 0 0 0 0 1 30 200
3.50001 0 0 0 0 0 30 100
3.50002 0 0 0 0 0 230 200
4.5 0 0 0 0 1 30 200
4.50001 0 0 0 0 0 30 100
4.50002 0 0 0 0 0 230 200
5.5 0 0 0 0 1 30 200
5.50001 0 0 0 0 0 30 100
5.50002 0 0 0 0 0 230 200
Generated Data for node 0 at time :+6000000000.0ns with data 001HKMiB
6.5 0 0 0 0 1 30 200
6.50001 0 0 0 0 0 30 100
6.50002 0 0 0 0 0 230 200
7.5 0 0 0 0 1 30 200
7.50001 0 0 0 0 0 30 100
7.50002 0 0 0 0 0 230 200
8.5 0 0 0 0 1 30 200
8.50001 0 0 0 0 0 30 100
8.50002 0 0 0 0 0 230 200
Generated Data for node 0 at time :+9000000000.0ns with data 002OgOHY
9.5 0 0 0 0 1 30 200
9.50001 0 0 0 0 0 30 100
9.50002 0 0 0 0 0 230 200
10.5 0 0 0 0 1 30 200
10.5 0 0 0 0 0 55 100
10.5 0 0 0 0 0 230 200
11.5 0 0 0 0 1 30 200
11.5 0 0 0 0 0 105 100
11.5 0 0 0 0 0 230 200
Generated Data for node 0 at time :+12000000000.0ns with data 003XZSQd
12.5 0 0 0 0 0 30 200
12.5 0 0 0 0 0 155 100
12.5 0 0 0 0 1 230 200
13.5 0 0 0 0 0 30 200
13.5 0 0 0 0 0 205 100
13.5 0 0 0 0 1 230 200
14.5 0 0 0 0 0 30 200
14.5 0 0 0 0 0 230 100
14.5 0 0 0 0 1 230 200
Generated Data for node 0 at time :+15000000000.0ns with data 004kIPib
At time 15 send bundle with sequence number 149 from 10.0.0.1 to 10.0.0.3
15.5 0 0 1 100028 0 30 200
15.5 0 0 0 0 0 230 100
15.5 0 0 0 0 1 230 200
16.5 0 0 1 100028 0 30 200
16.5 0 0 0 0 0 230 100
16.5 0 0 0 0 1 230 200
17.5 0 0 1 100028 0 30 200
17.5 0 0 0 0 0 230 100
17.5 0 0 0 0 1 230 200
Generated Data for node 0 at time :+18000000000.0ns with data 005bbgTT
18.5 0 0 1 100028 0 30 200
18.5 0 0 0 0 0 230 100
18.5 0 0 0 0 1 230 200
19.5 0 0 1 100028 0 30 200
19.5 0 0 0 0 0 230 100
19.5 0 0 0 0 1 230 200
20.5 0 0 1 100028 0 30 200
20.5 0 0 0 0 0 230 100
20.5 0 0 0 0 1 230 200
Generated Data for node 0 at time :+21000000000.0ns with data 006FSSfF
21.5 0 0 1 100028 0 30 200
21.5 0 0 0 0 0 230 100
21.5 0 0 0 0 1 230 200
22.5 0 0 1 100028 0 30 200
22.5 0 0 0 0 0 230 100
22.5 0 0 0 0 1 230 200
23.5 0 0 1 100028 0 30 200
23.5 0 0 0 0 0 230 100
23.5 0 0 0 0 1 230 200
Generated Data for node 0 at time :+24000000000.0ns with data 007DBQgj
24.5 0 0 1 100028 0 30 200
24.5 0 0 0 0 0 230 100
24.5 0 0 0 0 1 230 200
25.5 0 0 1 100028 0 30 200
25.5 0 0 0 0 0 230 100
25.5 0 0 0 0 1 230 200
26.5 0 0 1 100028 0 30 200
26.5 0 0 0 0 0 230 100
26.5 0 0 0 0 1 230 200
Generated Data for node 0 at time :+27000000000.0ns with data 008iJJLh
27.5 0 0 1 100028 0 30 200
27.5 0 0 0 0 0 230 100
27.5 0 0 0 0 1 230 200
28.5 0 0 1 100028 0 30 200
28.5 0 0 0 0 0 230 100
28.5 0 0 0 0 1 230 200
29.5 0 0 1 100028 0 30 200
29.5 0 0 0 0 0 230 100
29.5 0 0 0 0 1 230 200
Generated Data for node 0 at time :+30000000000.0ns with data 009NOULf
At time 30 send bundle with sequence number 300 from 10.0.0.1 to 10.0.0.3
30.5 0 0 2 200056 0 30 200
30.5 0 0 0 0 0 230 100
30.5 0 0 0 0 1 230 200
31.5 0 0 2 200056 0 30 200
31.5 0 0 0 0 0 230 100
31.5 0 0 0 0 1 230 200
32.5 0 0 2 200056 0 30 200
32.5 0 0 0 0 0 230 100
32.5 0 0 0 0 1 230 200
Generated Data for node 0 at time :+33000000000.0ns with data 010eKTII
33.5 0 0 2 200056 0 30 200
33.5 0 0 0 0 0 230 100
33.5 0 0 0 0 1 230 200
34.5 0 0 2 200056 0 30 200
34.5 0 0 0 0 0 230 100
34.5 0 0 0 0 1 230 200
35.5 0 0 2 200056 0 30 200
35.5 0 0 0 0 0 230 100
35.5 0 0 0 0 1 230 200
Generated Data for node 0 at time :+36000000000.0ns with data 011JOOEN
36.5 0 0 2 200056 0 30 200
36.5 0 0 0 0 0 230 100
36.5 0 0 0 0 1 230 200
37.5 0 0 2 200056 0 30 200
37.5 0 0 0 0 0 230 100
37.5 0 0 0 0 1 230 200
38.5 0 0 2 200056 0 30 200
38.5 0 0 0 0 0 230 100
38.5 0 0 0 0 1 230 200
Generated Data for node 0 at time :+39000000000.0ns with data 012iJhPU
39.5 0 0 2 200056 0 30 200
39.5 0 0 0 0 0 230 100
39.5 0 0 0 0 1 230 200
40.5 0 0 2 200056 0 30 200
40.5 0 0 0 0 0 230 100
40.5 0 0 0 0 1 230 200
41.5 0 0 2 200056 0 30 200
41.5 0 0 0 0 0 230 100
41.5 0 0 0 0 1 230 200
Generated Data for node 0 at time :+42000000000.0ns with data 013RjVNe
42.5 0 0 2 200056 0 30 200
42.5 0 0 0 0 0 230 100
42.5 0 0 0 0 1 230 200
43.5 0 0 2 200056 0 30 200
43.5 0 0 0 0 0 230 100
43.5 0 0 0 0 1 230 200
44.5 0 0 2 200056 0 30 200
44.5 0 0 0 0 0 230 100
44.5 0 0 0 0 1 230 200
Generated Data for node 0 at time :+45000000000.0ns with data 014AcSJC
At time 45 send bundle with sequence number 451 from 10.0.0.1 to 10.0.0.3
45.5 0 0 3 300084 0 30 200
45.5 0 0 0 0 0 230 100
45.5 0 0 0 0 1 230 200
46.5 0 0 3 300084 0 30 200
46.5 0 0 0 0 0 230 100
46.5 0 0 0 0 1 230 200
47.5 0 0 3 300084 0 30 200
47.5 0 0 0 0 0 230 100
47.5 0 0 0 0 1 230 200
Generated Data for node 0 at time :+48000000000.0ns with data 015PChPO
48.5 0 0 3 300084 0 30 200
48.5 0 0 0 0 0 230 100
48.5 0 0 0 0 1 230 200
49.5 0 0 3 300084 0 30 200
49.5 0 0 0 0 0 230 100
49.5 0 0 0 0 1 230 200
