Creating 4 nodes.
SENSOR: 
seconds interval1
node 0 getnode 0x23ede40 dst-> 0x240ac80 10.0.0.1 source-> 0x240b0a0
SENSOR: 
seconds interval2
node 1 getnode 0x23ee3b0 dst-> 0x240c250 10.0.0.2 source-> 0x240c920
MOBILE: 
node 2 getnode 0x23ee140 dst-> 0x240df80 10.0.0.3 source-> 0x240e3a0
BASE: 
node 3 getnode 0x23ee230 dst-> 0x240f610 10.0.0.4 source-> 0x240fc90
Starting simulation for 50 s, seed value 12345673
0.5 0 0 0 0 0 30 200
0.50001 0 0 0 0 1 30 50
0.50002 0 0 0 0 0 35 0
0.50003 0 0 0 0 0 230 200
1.5 0 0 0 0 0 30 200
1.50001 0 0 0 0 1 30 50
1.50002 0 0 0 0 0 35 0
1.50003 0 0 0 0 0 230 200
2.5 0 0 0 0 0 30 200
2.50001 0 0 0 0 1 30 50
2.50002 0 0 0 0 0 35 0
2.50003 0 0 0 0 0 230 200
3.5 0 0 0 0 0 30 200
3.50001 0 0 0 0 1 30 50
3.50002 0 0 0 0 0 35 0
3.50003 0 0 0 0 0 230 200
4.5 0 0 0 0 0 30 200
4.50001 0 0 0 0 1 30 50
4.50002 0 0 0 0 0 35 0
4.50003 0 0 0 0 0 230 200
At time 5 created bundle with sequence number 98 from 10.0.0.1 to 10.0.0.3
5.5 0 0 1 100028 0 30 200
5.50001 0 0 0 0 1 30 50
5.50002 0 0 0 0 0 35 0
5.50003 0 0 0 0 0 230 200
6.5 0 0 1 100028 0 30 200
6.50001 0 0 0 0 1 30 50
6.50002 0 0 0 0 0 35 0
6.50003 0 0 0 0 0 230 200
7.5 0 0 1 100028 0 30 200
7.50001 0 0 0 0 1 30 50
7.50002 0 0 0 0 0 35 0
7.50003 0 0 0 0 0 230 200
8.5 0 0 1 100028 0 30 200
8.50001 0 0 0 0 1 30 50
8.50002 0 0 0 0 0 35 0
8.50003 0 0 0 0 0 230 200
9.5 0 0 1 100028 0 30 200
9.50001 0 0 0 0 1 30 50
9.50002 0 0 0 0 0 35 0
9.50003 0 0 0 0 0 230 200
At time 10 created bundle with sequence number 199 from 10.0.0.2 to 10.0.0.3
At time 10 created bundle with sequence number 200 from 10.0.0.1 to 10.0.0.3
At time 10.336 received 100000 bytes at 10.0.0.3 (final dst) from 10.0.0.2 delay: 0.33553 bundle hop count: 1 sequence number: 199 bundle queue occupancy: 0
At time 10.336 send antipacket with sequence number 199 original ts 10 new ts 0 from 10.0.0.3 to 10.0.0.2
10.5 0 0 2 200056 0 30 200
10.5 0 0 1 100028 1 30.597 55.97
10.5 0 1 0 0 0 35 0
10.5 0 0 0 0 0 230 200
Removing bundle of sequence 199
11.5 0 0 2 200056 0 30 200
11.5 0 0 0 0 1 32.587 75.871
11.5 0 0 0 0 0 35 0
11.5 0 0 0 0 0 230 200
12.5 0 0 2 200056 0 30 200
12.5 0 0 0 0 1 34.577 95.772
12.5 0 0 0 0 0 35 0
12.5 0 0 0 0 0 230 200
13.5 0 0 2 200056 0 30 200
13.5 0 0 0 0 1 35 100
13.5 0 0 0 0 0 35 0
13.5 0 0 0 0 0 230 200
14.5 0 0 2 200056 0 30 200
14.5 0 0 0 0 1 35 100
14.5 0 0 0 0 0 35 0
14.5 0 0 0 0 0 230 200
At time 15 created bundle with sequence number 852 from 10.0.0.1 to 10.0.0.3
15.5 0 0 3 300084 0 30 200
15.5 0 0 0 0 1 41 100
15.5 0 0 0 0 0 40.339 2.7381
15.5 0 0 0 0 0 230 200
16.5 0 0 3 300084 0 30 200
16.5 0 0 0 0 1 50 100
16.5 0 0 0 0 0 58.136 11.864
16.5 0 0 0 0 0 230 200
17.5 0 0 3 300084 0 30 200
17.5 0 0 0 0 1 50 100
17.5 0 0 0 0 0 75.932 20.991
17.5 0 0 0 0 0 230 200
18.5 0 0 3 300084 0 30 200
18.5 0 0 0 0 1 50 100
18.5 0 0 0 0 0 93.728 30.117
18.5 0 0 0 0 0 230 200
19.5 0 0 3 300084 0 30 200
19.5 0 0 0 0 1 50 100
19.5 0 0 0 0 0 111.52 39.243
19.5 0 0 0 0 0 230 200
At time 20 created bundle with sequence number 953 from 10.0.0.2 to 10.0.0.3
At time 20 created bundle with sequence number 954 from 10.0.0.1 to 10.0.0.3
At time 20.342 received 100000 bytes at 10.0.0.3 (final dst) from 10.0.0.2 delay: 0.34184 bundle hop count: 1 sequence number: 953 bundle queue occupancy: 0
At time 20.342 send antipacket with sequence number 953 original ts 20 new ts 0 from 10.0.0.3 to 10.0.0.2
20.5 0 0 4 400112 0 30 200
20.5 0 0 1 100028 1 50 100
20.5 0 1 0 0 0 129.32 48.37
20.5 0 0 0 0 0 230 200
Removing bundle of sequence 953
21.5 0 0 4 400112 0 30 200
21.5 0 0 0 0 1 50 100
21.5 0 0 0 0 0 147.12 57.496
21.5 0 0 0 0 0 230 200
22.5 0 0 4 400112 0 30 200
22.5 0 0 0 0 1 50 100
22.5 0 0 0 0 0 164.91 66.622
22.5 0 0 0 0 0 230 200
23.5 0 0 4 400112 0 30 200
23.5 0 0 0 0 0 50 100
23.5 0 0 0 0 0 182.71 75.749
23.5 0 0 0 0 0 230 200
24.5 0 0 4 400112 0 30 200
24.5 0 0 0 0 0 50 100
24.5 0 0 0 0 1 200.51 84.875
24.5 0 0 0 0 1 230 200
At time 25 created bundle with sequence number 1607 from 10.0.0.1 to 10.0.0.3
25.5 0 0 5 500140 0 30 200
25.5 0 0 0 0 0 50 100
25.5 0 0 0 0 1 218.3 94.001
25.5 0 0 0 0 1 230 200
26.5 0 0 5 500140 0 30 200
26.5 0 0 0 0 0 50 100
26.5 0 0 0 0 1 230 100
26.5 0 0 0 0 1 230 200
27.5 0 0 5 500140 0 30 200
27.5 0 0 0 0 0 50 100
27.5 0 0 0 0 1 230 100
27.5 0 0 0 0 1 230 200
28.5 0 0 5 500140 0 30 200
28.5 0 0 0 0 0 50 100
28.5 0 0 0 0 1 230 100
28.5 0 0 0 0 1 230 200
29.5 0 0 5 500140 0 30 200
29.5 0 0 0 0 0 50 100
29.5 0 0 0 0 1 230 100
29.5 0 0 0 0 1 230 200
At time 30 created bundle with sequence number 1708 from 10.0.0.2 to 10.0.0.3
At time 30 created bundle with sequence number 1709 from 10.0.0.1 to 10.0.0.3
30.5 0 0 6 600168 0 30 200
30.5 0 0 1 100028 0 50 100
30.5 0 0 0 0 1 230 100
30.5 0 0 0 0 1 230 200
31.5 0 0 6 600168 0 30 200
31.5 0 0 1 100028 0 50 100
31.5 0 0 0 0 1 230 100
31.5 0 0 0 0 1 230 200
32.5 0 0 6 600168 0 30 200
32.5 0 0 1 100028 0 50 100
32.5 0 0 0 0 1 230 100
32.5 0 0 0 0 1 230 200
33.5 0 0 6 600168 0 30 200
33.5 0 0 1 100028 0 50 100
33.5 0 0 0 0 1 230 100
33.5 0 0 0 0 1 230 200
34.5 0 0 6 600168 0 30 200
34.5 0 0 1 100028 0 50 100
34.5 0 0 0 0 1 230 100
34.5 0 0 0 0 1 230 200
At time 35 created bundle with sequence number 1810 from 10.0.0.1 to 10.0.0.3
35.5 0 0 7 700196 0 30 200
35.5 0 0 1 100028 0 50 100
35.5 0 0 0 0 1 230 100
35.5 0 0 0 0 1 230 200
36.5 0 0 7 700196 0 30 200
36.5 0 0 1 100028 0 50 100
36.5 0 0 0 0 1 230 100
36.5 0 0 0 0 1 230 200
37.5 0 0 7 700196 0 30 200
37.5 0 0 1 100028 0 50 100
37.5 0 0 0 0 1 230 100
37.5 0 0 0 0 1 230 200
38.5 0 0 7 700196 0 30 200
38.5 0 0 1 100028 0 50 100
38.5 0 0 0 0 1 230 100
38.5 0 0 0 0 1 230 200
39.5 0 0 7 700196 0 30 200
39.5 0 0 1 100028 0 50 100
39.5 0 0 0 0 1 230 100
39.5 0 0 0 0 1 230 200
At time 40 created bundle with sequence number 1911 from 10.0.0.2 to 10.0.0.3
At time 40 created bundle with sequence number 1912 from 10.0.0.1 to 10.0.0.3
40.5 0 0 8 800224 0 30 200
40.5 0 0 2 200056 0 50 100
40.5 0 0 0 0 1 230 100
40.5 0 0 0 0 1 230 200
41.5 0 0 8 800224 0 30 200
41.5 0 0 2 200056 0 50 100
41.5 0 0 0 0 1 230 100
41.5 0 0 0 0 1 230 200
42.5 0 0 8 800224 0 30 200
42.5 0 0 2 200056 0 50 100
42.5 0 0 0 0 1 230 100
42.5 0 0 0 0 1 230 200
43.5 0 0 8 800224 0 30 200
43.5 0 0 2 200056 0 50 100
43.5 0 0 0 0 1 230 100
43.5 0 0 0 0 1 230 200
44.5 0 0 8 800224 0 30 200
44.5 0 0 2 200056 0 50 100
44.5 0 0 0 0 1 230 100
44.5 0 0 0 0 1 230 200
At time 45 created bundle with sequence number 2013 from 10.0.0.1 to 10.0.0.3
45.5 0 0 9 900252 0 30 200
45.5 0 0 2 200056 0 50 100
45.5 0 0 0 0 1 230 100
45.5 0 0 0 0 1 230 200
46.5 0 0 9 900252 0 30 200
46.5 0 0 2 200056 0 50 100
46.5 0 0 0 0 1 230 100
46.5 0 0 0 0 1 230 200
47.5 0 0 9 900252 0 30 200
47.5 0 0 2 200056 0 50 100
47.5 0 0 0 0 1 230 100
47.5 0 0 0 0 1 230 200
48.5 0 0 9 900252 0 30 200
48.5 0 0 2 200056 0 50 100
48.5 0 0 0 0 1 230 100
48.5 0 0 0 0 1 230 200
49.5 0 0 9 900252 0 30 200
49.5 0 0 2 200056 0 50 100
49.5 0 0 0 0 1 230 100
49.5 0 0 0 0 1 230 200
